[1, 7, 9, 7, 2, 1, 8, 4, 6, 1, 1, 4, 2, 1, 7, 9, 3, 1, 9, 5, 7, 3, 8, 8, 4, 8, 9, 1, 4, 8, 1, 2, 2, 1, 1, 9, 1, 6, 5, 7, 6, 3, 1, 8, 3, 8, 8, 3, 1, 7, 5, 4, 3, 5, 7, 1, 1, 7, 9, 9, 8, 3, 1, 9, 3, 9, 6, 2, 3, 5, 7, 1, 4, 7, 8, 8, 1, 1, 6, 5, 2, 1, 8, 1, 3, 1, 4, 9, 3, 1, 8, 9, 5, 1, 5, 3, 2, 8, 3, 9]
[8, 6, 9, 6, 9, 8, 1, 2, 9, 7, 9, 1, 8, 4, 1, 1, 9, 7, 1, 2, 8, 9, 9, 1, 9, 8, 6, 5, 7, 1, 9, 8, 3, 6, 1, 4, 4, 6, 9, 3, 3, 3, 3, 1, 6, 2, 5, 2, 9, 1, 4, 2, 8, 1, 2, 9, 7, 4, 1, 9, 8, 2, 9, 2, 9, 3, 2, 2, 9, 5, 4, 9, 1, 9, 5, 6, 4, 9, 9, 2, 1, 5, 5, 8, 6, 1, 3, 5, 4, 8, 2, 9, 4, 1, 7, 3, 9, 3, 9, 2]
[2, 9, 9, 1, 5, 1, 9, 6, 2, 1, 1, 2, 8, 9, 6, 7, 6, 9, 2, 1, 7, 4, 9, 1, 9, 3, 6, 9, 8, 7, 1, 9, 6, 2, 7, 1, 1, 7, 1, 1, 8, 8, 8, 3, 4, 9, 6, 2, 1, 1, 1, 9, 2, 4, 9, 1, 1, 1, 2, 4, 1, 2, 6, 3, 3, 7, 1, 9, 9, 8, 7, 6, 1, 1, 1, 4, 9, 8, 2, 4, 6, 1, 8, 7, 1, 8, 1, 1, 9, 1, 5, 7, 4, 9, 8, 1, 8, 9, 8, 1]
[9, 5, 1, 9, 2, 9, 8, 6, 2, 1, 1, 4, 8, 8, 9, 1, 9, 1, 9, 2, 1, 9, 1, 1, 6, 9, 2, 6, 5, 3, 5, 1, 9, 3, 9, 3, 4, 3, 2, 6, 6, 2, 9, 9, 2, 6, 1, 1, 2, 1, 3, 6, 8, 3, 9, 4, 1, 3, 9, 3, 2, 2, 3, 9, 1, 8, 2, 3, 9, 1, 4, 9, 7, 9, 8, 5, 6, 8, 7, 9, 4, 3, 3, 9, 9, 9, 8, 7, 4, 8, 2, 6, 9, 1, 9, 6, 1, 4, 4, 8]
[3, 3, 2, 2, 4, 4, 1, 2, 1, 2, 5, 5, 1, 2, 2, 9, 3, 3, 9, 9, 4, 9, 3, 3, 2, 2, 4, 9, 4, 6, 2, 2, 7, 2, 2, 4, 8, 5, 5, 5, 1, 7, 3, 7, 9, 5, 3, 3, 3, 5, 6, 3, 9, 3, 7, 3, 9, 8, 9, 1, 9, 1, 2, 8, 7, 9, 9, 4, 9, 1, 9, 3, 1, 7, 1, 9, 1, 7, 8, 6, 4, 1, 5, 3, 1, 9, 9, 8, 1, 4, 1, 7, 2, 2, 5, 8, 4, 4, 2, 9]
[9, 1, 1, 8, 3, 5, 3, 7, 1, 1, 9, 8, 8, 1, 7, 1, 6, 1, 1, 9, 8, 3, 8, 8, 3, 5, 6, 9, 9, 6, 4, 3, 9, 2, 4, 5, 4, 5, 4, 6, 2, 7, 3, 6, 8, 3, 7, 6, 2, 5, 8, 1, 1, 2, 7, 8, 8, 1, 9, 9, 2, 1, 8, 8, 9, 8, 4, 1, 5, 8, 6, 8, 9, 6, 1, 2, 2, 2, 4, 5, 2, 3, 9, 6, 6, 6, 2, 9, 2, 2, 9, 8, 6, 9, 8, 4, 1, 3, 6, 8]
[6, 6, 1, 9, 2, 9, 3, 3, 5, 1, 8, 9, 2, 3, 4, 5, 6, 9, 5, 9, 1, 9, 9, 3, 1, 9, 6, 1, 9, 6, 1, 9, 5, 9, 9, 1, 7, 5, 7, 5, 8, 1, 1, 9, 9, 5, 1, 1, 1, 6, 4, 2, 2, 1, 9, 5, 9, 2, 1, 1, 4, 8, 5, 7, 1, 3, 3, 5, 6, 6, 3, 1, 2, 2, 3, 6, 8, 4, 1, 8, 1, 1, 9, 5, 1, 3, 1, 8, 9, 3, 7, 3, 9, 6, 9, 2, 1, 4, 7, 1]
[4, 1, 1, 9, 7, 1, 9, 2, 9, 4, 9, 5, 8, 1, 3, 6, 9, 3, 5, 5, 8, 5, 1, 3, 1, 5, 7, 2, 2, 1, 1, 8, 8, 2, 1, 7, 9, 7, 9, 9, 1, 3, 9, 6, 9, 3, 6, 6, 9, 9, 6, 8, 7, 9, 2, 7, 1, 3, 1, 9, 4, 8, 8, 8, 6, 2, 8, 7, 9, 9, 2, 2, 9, 9, 7, 2, 7, 1, 9, 9, 1, 8, 7, 7, 7, 1, 1, 9, 3, 3, 1, 9, 2, 2, 2, 9, 8, 1, 9, 2]
[2, 8, 9, 7, 3, 6, 1, 3, 9, 5, 3, 5, 9, 9, 6, 4, 8, 1, 7, 7, 3, 9, 6, 2, 8, 7, 1, 5, 9, 2, 4, 9, 4, 2, 4, 4, 1, 9, 2, 1, 4, 8, 6, 2, 5, 6, 9, 1, 3, 4, 8, 5, 4, 2, 6, 4, 1, 3, 9, 1, 1, 8, 8, 6, 1, 6, 6, 3, 2, 2, 1, 1, 8, 3, 8, 4, 1, 9, 7, 2, 7, 1, 1, 4, 2, 7, 1, 9, 4, 3, 8, 9, 7, 6, 1, 5, 7, 1, 7, 8]
[3, 3, 8, 9, 6, 3, 8, 9, 4, 1, 1, 8, 6, 8, 2, 3, 2, 7, 8, 8, 9, 2, 2, 1, 1, 9, 1, 9, 9, 9, 7, 4, 9, 4, 9, 9, 3, 7, 1, 5, 5, 5, 5, 9, 8, 7, 2, 8, 2, 5, 3, 9, 6, 6, 1, 5, 6, 5, 9, 6, 9, 7, 8, 5, 9, 7, 1, 1, 2, 1, 3, 2, 4, 1, 1, 2, 2, 9, 9, 7, 6, 2, 6, 1, 8, 1, 4, 6, 7, 1, 2, 2, 4, 4, 9, 4, 7, 1, 5, 9]
[9, 2, 8, 2, 9, 1, 1, 8, 6, 1, 2, 4, 3, 3, 7, 3, 5, 9, 6, 5, 2, 7, 4, 9, 1, 9, 2, 5, 9, 7, 6, 1, 7, 6, 9, 9, 5, 9, 1, 8, 9, 8, 9, 7, 3, 9, 9, 9, 8, 9, 7, 8, 6, 3, 8, 1, 7, 9, 9, 6, 3, 2, 7, 4, 8, 4, 8, 3, 9, 1, 3, 9, 8, 7, 7, 9, 7, 2, 8, 6, 8, 9, 7, 5, 4, 1, 5, 3, 7, 6, 5, 9, 4, 8, 6, 1, 9, 4, 6, 9]
[8, 6, 5, 9, 2, 3, 7, 2, 4, 1, 8, 5, 8, 8, 8, 8, 9, 9, 9, 5, 1, 5, 5, 8, 7, 5, 1, 7, 8, 1, 1, 5, 7, 3, 4, 1, 9, 7, 1, 7, 2, 9, 2, 9, 7, 7, 6, 2, 6, 8, 9, 9, 2, 5, 9, 2, 9, 3, 1, 5, 1, 5, 7, 2, 2, 9, 6, 1, 2, 8, 1, 6, 9, 6, 6, 1, 7, 4, 1, 7, 5, 2, 9, 1, 8, 6, 8, 2, 5, 4, 2, 1, 7, 1, 9, 4, 2, 3, 2, 1]
[7, 7, 6, 4, 2, 4, 1, 2, 8, 9, 9, 6, 8, 1, 7, 5, 2, 6, 1, 1, 9, 2, 1, 2, 9, 8, 9, 7, 2, 2, 4, 9, 3, 3, 8, 2, 8, 4, 8, 7, 9, 6, 1, 9, 9, 1, 1, 5, 9, 9, 1, 4, 5, 9, 9, 1, 6, 6, 5, 1, 7, 4, 9, 5, 9, 2, 1, 8, 7, 3, 8, 6, 8, 1, 8, 8, 9, 6, 4, 3, 5, 6, 6, 1, 5, 5, 3, 3, 7, 3, 1, 8, 3, 3, 9, 7, 3, 4, 4, 1]
[5, 2, 1, 1, 8, 1, 9, 1, 2, 6, 7, 4, 9, 2, 9, 8, 1, 9, 1, 7, 4, 1, 9, 9, 9, 7, 5, 6, 7, 7, 6, 3, 7, 3, 2, 7, 1, 3, 5, 8, 9, 1, 7, 9, 2, 8, 1, 7, 5, 9, 1, 1, 6, 2, 2, 3, 8, 1, 8, 9, 5, 3, 1, 1, 2, 3, 1, 9, 9, 2, 8, 4, 4, 7, 1, 9, 9, 4, 1, 9, 9, 9, 3, 9, 6, 7, 9, 1, 1, 9, 2, 9, 2, 7, 3, 7, 5, 8, 7, 1]
[7, 1, 4, 7, 2, 4, 8, 4, 2, 9, 7, 7, 6, 9, 7, 6, 3, 4, 7, 2, 6, 2, 9, 1, 3, 5, 1, 7, 2, 1, 9, 8, 4, 1, 8, 1, 2, 9, 5, 6, 6, 1, 1, 5, 2, 9, 1, 6, 9, 8, 3, 8, 7, 7, 4, 2, 9, 9, 9, 2, 5, 2, 2, 9, 9, 7, 7, 9, 6, 7, 8, 5, 6, 9, 2, 4, 8, 3, 9, 3, 9, 4, 3, 6, 9, 1, 1, 6, 9, 4, 4, 8, 1, 1, 6, 7, 7, 4, 8, 1]
[9, 9, 9, 9, 3, 2, 7, 3, 5, 8, 2, 1, 2, 9, 9, 5, 9, 4, 3, 2, 9, 9, 6, 8, 6, 9, 4, 6, 9, 5, 7, 2, 9, 8, 9, 9, 1, 5, 1, 4, 9, 4, 5, 9, 7, 9, 8, 2, 1, 4, 1, 1, 2, 3, 3, 2, 4, 1, 4, 7, 3, 9, 8, 8, 1, 9, 7, 9, 3, 2, 1, 4, 2, 3, 8, 3, 1, 7, 7, 1, 4, 4, 7, 2, 9, 4, 7, 9, 9, 9, 1, 8, 3, 6, 1, 9, 1, 4, 2, 7]
[3, 1, 1, 8, 8, 5, 6, 8, 6, 1, 3, 4, 6, 9, 2, 6, 3, 4, 1, 9, 1, 1, 7, 1, 3, 9, 9, 6, 9, 1, 2, 1, 6, 9, 6, 3, 1, 1, 1, 9, 9, 1, 1, 4, 3, 1, 5, 5, 1, 2, 4, 9, 8, 1, 7, 4, 9, 2, 2, 9, 2, 8, 1, 8, 8, 4, 4, 1, 2, 5, 7, 1, 5, 1, 8, 9, 8, 4, 9, 9, 6, 9, 1, 9, 3, 1, 9, 2, 9, 6, 1, 1, 3, 1, 6, 2, 1, 9, 1, 1]
[9, 7, 2, 5, 2, 1, 6, 8, 1, 9, 9, 2, 6, 7, 9, 1, 1, 7, 1, 5, 1, 7, 8, 9, 8, 1, 9, 4, 5, 5, 8, 9, 7, 2, 9, 1, 9, 1, 3, 9, 1, 3, 7, 5, 1, 3, 3, 5, 5, 7, 3, 3, 9, 8, 8, 1, 7, 1, 9, 4, 6, 4, 9, 8, 9, 2, 8, 8, 1, 6, 8, 6, 9, 8, 7, 4, 9, 1, 1, 7, 9, 1, 8, 9, 1, 6, 6, 9, 2, 1, 7, 2, 5, 7, 1, 1, 3, 4, 9, 6]
[7, 2, 3, 3, 9, 9, 5, 6, 9, 5, 4, 4, 9, 1, 1, 3, 6, 7, 8, 6, 1, 2, 4, 4, 4, 5, 2, 1, 1, 1, 2, 1, 2, 9, 2, 5, 1, 2, 5, 1, 2, 7, 3, 1, 9, 5, 6, 9, 5, 8, 8, 9, 9, 3, 9, 9, 6, 4, 8, 5, 7, 8, 4, 3, 3, 4, 9, 6, 7, 3, 4, 1, 3, 2, 6, 6, 5, 3, 6, 2, 6, 8, 9, 4, 9, 1, 1, 3, 7, 6, 9, 3, 4, 2, 2, 5, 1, 8, 8, 9]
[6, 1, 2, 7, 2, 2, 1, 2, 7, 8, 8, 1, 9, 1, 7, 8, 6, 2, 1, 7, 4, 1, 1, 4, 1, 3, 1, 3, 3, 5, 5, 1, 2, 9, 7, 1, 1, 4, 2, 6, 6, 9, 2, 6, 9, 3, 6, 7, 7, 3, 9, 2, 7, 4, 9, 1, 9, 3, 5, 5, 3, 8, 5, 3, 9, 3, 6, 9, 7, 2, 9, 7, 5, 9, 6, 5, 6, 3, 4, 9, 5, 4, 6, 2, 9, 1, 4, 1, 1, 5, 1, 2, 3, 1, 8, 7, 9, 8, 9, 8]
[9, 3, 1, 6, 8, 1, 5, 1, 1, 8, 4, 7, 7, 2, 2, 2, 3, 6, 7, 8, 4, 1, 1, 9, 2, 2, 1, 3, 3, 9, 1, 7, 4, 2, 1, 9, 1, 9, 5, 9, 2, 6, 4, 2, 9, 9, 1, 2, 5, 5, 3, 6, 9, 1, 6, 6, 9, 9, 8, 1, 9, 5, 1, 4, 3, 9, 6, 1, 5, 2, 2, 9, 7, 3, 9, 9, 1, 8, 2, 2, 6, 8, 8, 7, 7, 1, 6, 2, 4, 5, 1, 9, 8, 3, 3, 3, 6, 2, 1, 7]
[9, 4, 6, 2, 9, 9, 6, 1, 7, 8, 1, 6, 7, 8, 3, 6, 9, 9, 8, 4, 9, 2, 4, 1, 2, 3, 4, 9, 9, 1, 7, 1, 1, 2, 8, 1, 2, 6, 3, 2, 3, 9, 9, 1, 9, 6, 9, 4, 1, 1, 5, 3, 5, 1, 2, 7, 3, 8, 3, 3, 9, 7, 8, 8, 5, 4, 9, 8, 8, 1, 9, 4, 6, 8, 5, 1, 1, 5, 8, 1, 2, 4, 1, 6, 1, 3, 6, 2, 7, 7, 4, 9, 1, 4, 9, 9, 2, 8, 9, 4]
[7, 9, 6, 7, 9, 6, 4, 9, 2, 2, 3, 1, 8, 9, 7, 6, 2, 9, 4, 4, 3, 3, 2, 1, 1, 2, 1, 3, 7, 4, 1, 8, 6, 6, 8, 9, 1, 1, 1, 9, 7, 5, 9, 7, 2, 5, 3, 1, 4, 4, 8, 7, 7, 3, 2, 5, 5, 9, 8, 2, 3, 7, 9, 8, 2, 7, 4, 8, 2, 9, 6, 8, 1, 3, 9, 1, 9, 8, 1, 5, 6, 6, 1, 7, 4, 6, 3, 9, 1, 5, 5, 6, 1, 1, 3, 5, 1, 4, 1, 8]
[8, 9, 2, 9, 4, 2, 4, 4, 1, 7, 1, 3, 2, 5, 5, 6, 1, 5, 7, 6, 3, 4, 7, 1, 6, 4, 8, 7, 1, 1, 1, 5, 2, 1, 9, 9, 1, 2, 7, 1, 2, 8, 9, 2, 3, 1, 7, 4, 5, 1, 2, 4, 9, 2, 1, 1, 9, 2, 3, 9, 4, 9, 2, 1, 9, 8, 6, 9, 2, 1, 9, 3, 5, 9, 5, 2, 3, 6, 4, 1, 7, 1, 2, 9, 9, 9, 7, 5, 1, 6, 1, 2, 3, 1, 8, 2, 4, 7, 7, 4]
[3, 2, 1, 8, 1, 9, 4, 1, 4, 9, 7, 8, 4, 3, 2, 8, 9, 1, 7, 2, 9, 4, 4, 3, 8, 8, 5, 9, 9, 1, 9, 2, 9, 9, 9, 4, 9, 7, 2, 9, 2, 7, 1, 4, 4, 1, 8, 1, 6, 1, 1, 1, 2, 9, 6, 8, 7, 9, 9, 3, 3, 6, 9, 1, 9, 8, 1, 9, 7, 3, 2, 9, 2, 1, 4, 9, 1, 4, 7, 4, 3, 5, 1, 1, 5, 5, 9, 7, 8, 8, 2, 7, 1, 1, 4, 9, 4, 9, 9, 8]
[9, 9, 6, 3, 6, 8, 6, 2, 9, 2, 5, 5, 5, 1, 4, 4, 3, 1, 6, 4, 2, 4, 1, 9, 1, 7, 4, 7, 4, 5, 9, 1, 1, 6, 2, 2, 1, 8, 1, 5, 5, 9, 2, 8, 1, 4, 8, 4, 2, 1, 5, 8, 1, 4, 1, 6, 9, 1, 6, 4, 1, 9, 9, 7, 8, 7, 1, 2, 5, 8, 1, 1, 2, 4, 7, 2, 1, 8, 6, 9, 2, 1, 3, 1, 2, 9, 6, 5, 9, 4, 4, 2, 3, 7, 5, 9, 5, 2, 9, 4]
[6, 8, 9, 5, 9, 6, 4, 7, 8, 1, 3, 6, 4, 9, 2, 8, 4, 6, 9, 1, 3, 7, 9, 9, 8, 2, 7, 9, 1, 1, 6, 2, 4, 9, 8, 9, 8, 8, 4, 6, 6, 7, 3, 1, 3, 7, 1, 7, 4, 3, 5, 6, 1, 2, 6, 7, 4, 8, 5, 9, 8, 4, 8, 4, 3, 2, 3, 9, 6, 6, 1, 1, 1, 9, 8, 2, 8, 1, 3, 2, 6, 3, 9, 7, 4, 1, 1, 2, 3, 5, 7, 6, 9, 9, 8, 9, 9, 7, 6, 3]
[7, 2, 6, 9, 8, 1, 1, 6, 4, 8, 3, 6, 3, 8, 2, 9, 1, 4, 7, 7, 4, 1, 7, 9, 2, 8, 9, 8, 3, 5, 5, 5, 9, 8, 2, 4, 8, 5, 6, 9, 6, 7, 5, 8, 1, 3, 1, 6, 9, 5, 7, 1, 8, 4, 2, 6, 3, 1, 1, 1, 5, 9, 9, 1, 7, 8, 2, 5, 7, 1, 1, 1, 8, 5, 9, 8, 3, 9, 6, 1, 4, 8, 1, 5, 4, 3, 6, 1, 9, 9, 6, 7, 1, 9, 1, 8, 8, 4, 4, 8]
[8, 8, 4, 4, 1, 9, 1, 9, 8, 1, 9, 7, 6, 7, 7, 3, 8, 2, 9, 9, 9, 7, 2, 9, 1, 6, 9, 1, 3, 9, 5, 4, 7, 9, 9, 4, 2, 9, 6, 1, 1, 9, 9, 3, 5, 9, 7, 3, 4, 5, 7, 5, 8, 2, 9, 7, 5, 9, 3, 1, 6, 7, 8, 4, 5, 4, 8, 3, 8, 2, 4, 6, 6, 4, 9, 6, 6, 1, 6, 8, 2, 7, 2, 2, 1, 1, 7, 8, 1, 8, 5, 9, 1, 3, 5, 1, 3, 2, 3, 8]
[3, 2, 5, 7, 3, 3, 2, 9, 6, 1, 3, 9, 1, 9, 9, 1, 1, 1, 4, 5, 7, 4, 9, 1, 1, 1, 8, 8, 5, 2, 3, 1, 9, 8, 8, 4, 3, 2, 9, 5, 8, 3, 9, 9, 2, 9, 1, 6, 1, 4, 1, 9, 3, 8, 4, 8, 3, 7, 6, 3, 4, 9, 7, 3, 4, 2, 2, 1, 8, 8, 8, 4, 8, 7, 2, 7, 2, 9, 7, 5, 9, 7, 8, 3, 8, 2, 1, 7, 8, 6, 8, 7, 9, 8, 1, 8, 6, 5, 1, 1]
[6, 9, 2, 3, 1, 6, 1, 8, 9, 6, 9, 8, 8, 7, 8, 2, 5, 7, 9, 5, 8, 6, 5, 1, 1, 8, 6, 9, 9, 4, 9, 2, 7, 3, 1, 4, 2, 6, 7, 6, 7, 1, 9, 1, 7, 4, 2, 5, 1, 5, 9, 1, 7, 9, 2, 6, 4, 3, 2, 9, 8, 2, 8, 8, 7, 7, 2, 5, 2, 6, 8, 5, 9, 7, 8, 1, 2, 9, 8, 1, 4, 1, 5, 6, 9, 2, 6, 6, 1, 8, 6, 6, 1, 7, 2, 1, 8, 3, 8, 1]
[7, 7, 8, 4, 7, 1, 7, 9, 4, 1, 4, 1, 3, 9, 2, 1, 9, 5, 6, 6, 5, 9, 1, 2, 5, 9, 2, 2, 9, 9, 2, 3, 3, 3, 9, 2, 7, 9, 1, 3, 1, 8, 4, 3, 2, 1, 2, 9, 8, 9, 8, 9, 1, 1, 2, 5, 2, 1, 7, 9, 8, 4, 7, 5, 1, 1, 3, 4, 6, 5, 8, 6, 3, 3, 9, 1, 1, 4, 8, 5, 8, 8, 9, 3, 6, 3, 8, 6, 5, 8, 4, 9, 6, 9, 3, 4, 1, 1, 9, 9]
[7, 7, 2, 9, 2, 8, 1, 3, 6, 3, 9, 2, 6, 2, 1, 6, 2, 9, 1, 1, 8, 4, 1, 2, 6, 1, 8, 5, 1, 4, 6, 9, 1, 1, 9, 4, 6, 5, 9, 9, 9, 6, 9, 9, 2, 2, 2, 1, 5, 9, 8, 9, 3, 1, 9, 9, 4, 7, 9, 2, 8, 2, 5, 4, 9, 3, 3, 6, 2, 4, 9, 6, 1, 8, 2, 3, 1, 1, 9, 3, 1, 2, 7, 1, 3, 8, 2, 5, 7, 3, 9, 7, 5, 2, 7, 2, 7, 9, 4, 2]
[9, 7, 9, 1, 5, 9, 5, 8, 9, 8, 2, 2, 9, 9, 1, 5, 7, 8, 3, 4, 5, 2, 9, 9, 4, 1, 8, 9, 7, 9, 1, 3, 8, 1, 9, 8, 9, 3, 7, 1, 2, 4, 3, 3, 2, 6, 8, 4, 9, 5, 7, 1, 1, 6, 2, 2, 5, 8, 5, 3, 9, 8, 1, 4, 1, 1, 3, 2, 1, 1, 9, 9, 9, 1, 2, 1, 9, 3, 8, 9, 4, 4, 9, 2, 8, 4, 9, 5, 6, 8, 8, 3, 9, 3, 1, 8, 6, 9, 1, 8]
[8, 8, 9, 1, 7, 3, 3, 1, 5, 4, 1, 7, 4, 9, 7, 4, 9, 5, 2, 7, 2, 3, 9, 2, 2, 5, 9, 4, 9, 4, 9, 5, 7, 9, 1, 1, 1, 1, 8, 8, 8, 3, 6, 8, 8, 7, 2, 8, 9, 6, 1, 6, 6, 7, 1, 9, 1, 7, 1, 9, 1, 9, 7, 6, 1, 4, 9, 5, 1, 2, 1, 4, 1, 5, 9, 3, 9, 9, 1, 8, 5, 9, 8, 1, 1, 2, 8, 4, 2, 5, 9, 4, 4, 1, 1, 8, 3, 4, 3, 1]
[8, 8, 8, 2, 1, 4, 2, 8, 3, 4, 5, 3, 8, 6, 5, 3, 9, 6, 8, 3, 2, 8, 9, 7, 7, 5, 4, 8, 1, 1, 7, 4, 8, 8, 8, 2, 6, 7, 2, 4, 4, 2, 9, 1, 6, 1, 4, 6, 6, 8, 4, 9, 9, 2, 8, 4, 7, 9, 1, 7, 6, 8, 8, 5, 2, 3, 9, 3, 8, 9, 8, 8, 9, 9, 3, 9, 1, 9, 9, 9, 8, 1, 8, 3, 5, 1, 2, 6, 9, 9, 4, 3, 2, 7, 3, 9, 1, 8, 9, 6]
[9, 5, 1, 7, 9, 9, 5, 2, 7, 8, 1, 1, 1, 2, 4, 2, 8, 1, 8, 4, 5, 9, 9, 1, 6, 8, 1, 1, 9, 9, 8, 9, 4, 4, 9, 1, 5, 6, 9, 7, 4, 1, 7, 1, 1, 7, 9, 1, 2, 1, 8, 2, 6, 1, 1, 8, 5, 7, 5, 4, 1, 4, 7, 3, 9, 3, 5, 9, 4, 2, 6, 1, 8, 2, 2, 3, 8, 1, 8, 8, 1, 9, 7, 6, 2, 9, 9, 5, 1, 5, 4, 7, 8, 1, 4, 7, 2, 9, 8, 1]
[5, 6, 8, 8, 6, 6, 5, 8, 1, 6, 3, 6, 1, 9, 8, 7, 4, 8, 9, 7, 2, 9, 8, 4, 2, 7, 9, 6, 9, 3, 1, 9, 2, 1, 4, 1, 4, 5, 1, 2, 4, 7, 3, 9, 1, 7, 4, 4, 1, 7, 9, 4, 4, 2, 7, 7, 4, 1, 3, 6, 9, 2, 6, 2, 1, 7, 2, 8, 1, 6, 9, 9, 3, 2, 1, 3, 9, 8, 3, 4, 5, 8, 9, 5, 8, 1, 9, 8, 9, 1, 9, 9, 1, 3, 8, 2, 3, 9, 9, 1]
[1, 1, 9, 1, 9, 1, 6, 7, 5, 2, 8, 2, 4, 6, 1, 3, 9, 2, 3, 9, 2, 6, 9, 6, 9, 1, 9, 3, 9, 2, 5, 9, 5, 7, 2, 9, 5, 9, 3, 9, 3, 2, 7, 8, 6, 4, 1, 2, 3, 2, 5, 9, 6, 7, 6, 1, 9, 8, 9, 8, 6, 7, 9, 9, 1, 1, 8, 3, 6, 9, 8, 9, 1, 1, 1, 5, 3, 5, 9, 3, 9, 1, 9, 5, 7, 2, 4, 9, 4, 5, 2, 7, 5, 2, 9, 2, 9, 1, 2, 6]
[7, 9, 5, 3, 3, 5, 9, 2, 7, 9, 4, 2, 6, 1, 8, 6, 1, 7, 9, 9, 5, 9, 6, 2, 9, 6, 6, 4, 6, 2, 3, 9, 7, 9, 2, 4, 7, 2, 9, 3, 1, 3, 4, 8, 1, 6, 1, 5, 1, 9, 9, 3, 9, 3, 3, 3, 9, 4, 1, 4, 6, 9, 8, 9, 7, 5, 6, 9, 6, 4, 9, 2, 7, 6, 7, 2, 8, 3, 8, 6, 1, 1, 6, 7, 4, 5, 1, 9, 9, 3, 1, 9, 9, 5, 3, 3, 5, 4, 8, 1]
[2, 5, 8, 8, 6, 1, 9, 5, 8, 3, 2, 1, 2, 2, 6, 3, 9, 1, 1, 4, 6, 3, 3, 2, 7, 9, 4, 7, 2, 3, 8, 9, 1, 1, 8, 6, 7, 1, 9, 1, 9, 1, 4, 1, 8, 7, 1, 9, 9, 4, 2, 2, 9, 6, 8, 1, 8, 1, 2, 4, 9, 2, 4, 2, 5, 9, 8, 9, 3, 2, 1, 1, 9, 9, 1, 7, 1, 7, 8, 1, 4, 9, 6, 6, 8, 5, 5, 1, 8, 2, 9, 4, 7, 9, 3, 8, 1, 6, 9, 2]
[9, 1, 3, 9, 9, 9, 7, 1, 9, 7, 2, 1, 1, 7, 2, 9, 4, 2, 8, 8, 7, 9, 3, 1, 5, 9, 4, 9, 1, 5, 8, 2, 1, 5, 5, 2, 1, 7, 5, 9, 7, 3, 1, 8, 5, 8, 2, 2, 7, 8, 7, 1, 5, 9, 8, 3, 9, 3, 9, 1, 1, 9, 9, 6, 9, 7, 7, 1, 7, 9, 1, 9, 7, 9, 3, 6, 2, 9, 2, 4, 4, 2, 5, 3, 9, 9, 6, 8, 1, 9, 6, 9, 7, 4, 1, 4, 3, 3, 9, 2]
[4, 2, 3, 2, 2, 6, 1, 5, 5, 4, 1, 8, 7, 8, 5, 4, 1, 2, 8, 1, 5, 7, 9, 9, 2, 4, 1, 8, 2, 4, 3, 5, 5, 1, 1, 6, 8, 6, 3, 3, 7, 3, 1, 9, 1, 3, 1, 7, 7, 4, 2, 9, 8, 3, 4, 4, 1, 2, 1, 2, 9, 1, 9, 1, 7, 1, 7, 9, 1, 9, 5, 8, 2, 8, 9, 6, 3, 6, 6, 7, 3, 7, 6, 1, 2, 1, 8, 2, 3, 8, 9, 4, 1, 5, 7, 8, 4, 1, 8, 8]
[4, 8, 2, 1, 2, 4, 3, 7, 3, 6, 8, 5, 8, 2, 9, 6, 4, 3, 1, 8, 7, 1, 2, 1, 6, 8, 8, 9, 6, 9, 4, 2, 9, 4, 5, 4, 7, 3, 5, 9, 8, 2, 4, 9, 9, 4, 2, 9, 6, 1, 2, 6, 7, 4, 5, 9, 1, 9, 8, 1, 2, 1, 2, 3, 1, 1, 8, 9, 8, 3, 9, 1, 9, 5, 5, 4, 4, 3, 6, 8, 1, 1, 9, 1, 6, 1, 9, 7, 4, 7, 1, 4, 8, 5, 9, 5, 1, 8, 9, 9]
[1, 7, 8, 9, 4, 4, 4, 1, 3, 9, 9, 2, 5, 8, 9, 2, 2, 2, 2, 4, 6, 6, 3, 6, 7, 9, 5, 2, 9, 9, 6, 4, 2, 9, 9, 2, 7, 2, 9, 7, 8, 4, 5, 7, 5, 1, 2, 2, 9, 1, 9, 2, 6, 8, 9, 4, 4, 9, 1, 2, 7, 9, 1, 9, 1, 9, 8, 9, 5, 2, 9, 9, 2, 1, 3, 9, 2, 9, 3, 3, 1, 9, 7, 4, 4, 7, 1, 4, 1, 5, 9, 9, 3, 6, 4, 4, 9, 4, 2, 8]
[9, 8, 2, 6, 6, 9, 5, 3, 9, 1, 9, 6, 8, 9, 1, 5, 1, 2, 7, 5, 8, 1, 9, 9, 7, 3, 7, 2, 1, 4, 9, 3, 9, 3, 5, 1, 5, 9, 1, 1, 9, 4, 9, 2, 7, 7, 7, 9, 4, 2, 3, 3, 7, 4, 6, 1, 6, 9, 1, 8, 1, 9, 5, 8, 7, 1, 4, 1, 9, 4, 3, 2, 9, 9, 1, 8, 5, 7, 3, 7, 5, 1, 2, 8, 6, 5, 4, 8, 9, 7, 7, 4, 5, 9, 1, 3, 3, 9, 8, 4]
[2, 1, 9, 2, 3, 3, 7, 2, 5, 9, 9, 1, 1, 8, 9, 2, 4, 8, 4, 2, 2, 7, 7, 9, 1, 2, 6, 1, 1, 2, 4, 7, 2, 1, 9, 4, 8, 4, 9, 1, 9, 1, 3, 1, 7, 3, 6, 5, 3, 7, 8, 4, 1, 6, 7, 9, 9, 3, 1, 2, 8, 3, 9, 3, 9, 9, 9, 9, 5, 9, 4, 9, 9, 7, 4, 3, 1, 3, 1, 2, 1, 9, 3, 6, 3, 1, 8, 2, 1, 1, 9, 9, 5, 2, 2, 8, 3, 9, 7, 8]
[3, 2, 1, 7, 4, 9, 2, 1, 8, 5, 3, 9, 1, 4, 4, 6, 4, 9, 1, 5, 6, 1, 3, 5, 9, 4, 9, 9, 2, 5, 1, 1, 5, 2, 8, 1, 3, 6, 7, 8, 9, 8, 9, 7, 2, 8, 1, 5, 4, 2, 1, 1, 1, 9, 4, 6, 9, 8, 5, 5, 4, 7, 1, 1, 5, 7, 9, 5, 7, 3, 1, 7, 8, 9, 4, 9, 2, 9, 1, 4, 3, 9, 5, 4, 3, 4, 2, 8, 9, 7, 5, 3, 9, 6, 9, 9, 9, 9, 6, 9]
[3, 8, 6, 7, 8, 6, 1, 4, 2, 9, 9, 7, 1, 1, 7, 2, 1, 9, 2, 4, 5, 8, 8, 1, 9, 9, 4, 8, 1, 7, 8, 9, 9, 1, 9, 5, 7, 8, 8, 6, 6, 6, 9, 6, 6, 8, 7, 2, 9, 9, 4, 8, 9, 9, 1, 1, 6, 3, 6, 6, 1, 7, 8, 3, 2, 1, 1, 1, 1, 4, 2, 5, 1, 1, 4, 1, 5, 2, 1, 3, 6, 7, 2, 3, 2, 1, 2, 9, 1, 1, 9, 1, 1, 4, 7, 9, 3, 9, 8, 5]
[8, 9, 8, 7, 7, 5, 6, 3, 2, 6, 2, 9, 9, 3, 6, 2, 1, 1, 9, 9, 8, 6, 9, 9, 8, 8, 7, 9, 5, 8, 9, 3, 6, 4, 1, 6, 2, 2, 1, 4, 6, 6, 1, 1, 9, 1, 7, 6, 2, 4, 6, 2, 9, 9, 1, 9, 7, 8, 7, 8, 9, 1, 5, 2, 9, 6, 5, 9, 7, 8, 4, 9, 9, 9, 9, 1, 9, 2, 4, 1, 9, 6, 1, 9, 4, 9, 6, 1, 2, 1, 1, 9, 2, 3, 9, 8, 3, 9, 4, 6]
[3, 9, 4, 1, 9, 8, 9, 9, 5, 5, 2, 7, 2, 1, 7, 5, 7, 6, 8, 4, 2, 5, 2, 9, 2, 1, 2, 1, 9, 3, 4, 4, 3, 6, 9, 3, 9, 9, 2, 5, 2, 5, 2, 3, 4, 9, 5, 1, 3, 8, 9, 7, 4, 8, 2, 8, 1, 1, 3, 2, 8, 1, 7, 9, 5, 7, 9, 1, 3, 3, 1, 1, 2, 1, 1, 2, 9, 1, 5, 7, 4, 7, 9, 2, 3, 3, 9, 9, 2, 9, 8, 4, 9, 7, 9, 1, 9, 2, 3, 1]
[8, 2, 1, 8, 9, 7, 2, 2, 5, 9, 8, 3, 3, 1, 9, 7, 8, 7, 8, 1, 8, 4, 1, 9, 4, 8, 1, 5, 1, 9, 1, 5, 3, 3, 9, 9, 9, 8, 3, 3, 1, 2, 5, 3, 9, 9, 8, 7, 3, 9, 7, 4, 7, 5, 8, 9, 2, 1, 7, 1, 8, 1, 9, 6, 1, 3, 2, 6, 2, 3, 6, 1, 4, 1, 8, 3, 5, 1, 5, 2, 7, 3, 9, 4, 6, 5, 1, 4, 2, 8, 8, 4, 9, 9, 7, 2, 7, 1, 1, 1]
[1, 4, 3, 7, 7, 5, 1, 9, 5, 8, 1, 9, 3, 4, 9, 1, 2, 5, 1, 8, 8, 7, 1, 3, 9, 9, 6, 1, 1, 1, 2, 9, 9, 2, 5, 5, 1, 3, 9, 1, 1, 3, 7, 2, 2, 5, 5, 9, 1, 4, 1, 3, 5, 9, 1, 2, 5, 9, 8, 5, 5, 2, 9, 7, 5, 7, 3, 6, 3, 3, 5, 9, 3, 9, 1, 6, 7, 1, 1, 7, 9, 2, 6, 1, 1, 1, 9, 8, 6, 9, 8, 9, 9, 4, 2, 1, 4, 9, 3, 1]
[9, 2, 2, 2, 7, 8, 4, 9, 5, 2, 8, 4, 3, 1, 7, 4, 9, 5, 7, 2, 8, 9, 1, 2, 9, 2, 8, 2, 6, 8, 8, 8, 1, 9, 1, 8, 3, 7, 9, 7, 6, 6, 7, 1, 2, 3, 8, 5, 1, 9, 2, 8, 9, 6, 2, 2, 9, 8, 1, 1, 1, 1, 2, 3, 4, 7, 5, 8, 9, 1, 3, 2, 1, 1, 7, 3, 2, 9, 1, 3, 5, 1, 9, 5, 7, 2, 4, 2, 4, 9, 1, 5, 7, 9, 9, 2, 9, 2, 8, 8]
[4, 7, 3, 2, 6, 1, 9, 1, 5, 9, 8, 1, 9, 4, 9, 7, 8, 6, 5, 3, 3, 7, 3, 7, 8, 8, 1, 5, 8, 1, 7, 6, 3, 8, 2, 1, 1, 7, 1, 1, 7, 9, 3, 2, 8, 9, 4, 3, 1, 1, 9, 1, 4, 5, 1, 1, 5, 9, 9, 1, 3, 9, 9, 4, 2, 9, 2, 2, 2, 2, 6, 5, 8, 9, 5, 7, 3, 1, 1, 6, 4, 1, 1, 1, 7, 5, 6, 2, 1, 9, 9, 4, 4, 7, 1, 8, 7, 7, 6, 2]
[1, 9, 2, 2, 5, 7, 8, 1, 7, 2, 8, 1, 1, 2, 6, 6, 9, 3, 2, 8, 8, 9, 9, 2, 9, 6, 7, 1, 8, 9, 8, 5, 8, 7, 1, 1, 2, 9, 2, 1, 2, 1, 6, 9, 9, 4, 2, 6, 9, 1, 6, 3, 3, 4, 9, 1, 9, 4, 8, 9, 7, 8, 6, 2, 6, 6, 9, 6, 3, 1, 2, 1, 6, 6, 9, 9, 8, 1, 1, 5, 1, 7, 6, 4, 1, 9, 2, 9, 1, 1, 3, 8, 7, 9, 4, 2, 9, 9, 6, 5]
[5, 1, 6, 1, 9, 8, 9, 6, 5, 6, 2, 5, 1, 7, 2, 9, 3, 2, 7, 1, 9, 1, 8, 7, 9, 8, 6, 8, 5, 6, 4, 1, 5, 4, 1, 9, 2, 7, 2, 6, 1, 1, 9, 2, 1, 9, 8, 1, 9, 1, 8, 3, 2, 4, 4, 8, 8, 9, 1, 3, 5, 1, 6, 3, 5, 2, 3, 9, 2, 7, 4, 8, 9, 8, 5, 5, 9, 5, 4, 4, 6, 8, 7, 3, 9, 9, 5, 9, 4, 2, 1, 8, 8, 1, 9, 9, 4, 2, 3, 8]
[4, 8, 1, 9, 9, 2, 1, 1, 6, 4, 3, 6, 9, 7, 9, 1, 9, 9, 9, 1, 5, 9, 8, 1, 3, 4, 9, 1, 3, 9, 9, 2, 6, 5, 8, 8, 1, 6, 9, 1, 1, 2, 1, 9, 2, 9, 9, 7, 1, 7, 8, 9, 7, 1, 8, 2, 1, 5, 8, 8, 3, 9, 4, 8, 3, 9, 1, 8, 9, 1, 5, 9, 8, 8, 1, 4, 9, 3, 6, 5, 7, 5, 1, 1, 8, 9, 3, 9, 8, 2, 2, 1, 8, 9, 4, 7, 1, 7, 9, 3]
[8, 8, 8, 2, 5, 1, 3, 7, 5, 9, 1, 7, 5, 3, 9, 8, 5, 8, 2, 2, 9, 9, 8, 2, 9, 7, 5, 1, 6, 3, 1, 6, 2, 9, 3, 4, 8, 6, 9, 3, 2, 5, 4, 9, 9, 7, 8, 9, 3, 3, 6, 2, 7, 7, 6, 7, 9, 9, 7, 8, 8, 3, 8, 9, 9, 9, 8, 7, 8, 8, 3, 9, 9, 3, 3, 9, 9, 7, 2, 9, 1, 6, 8, 9, 7, 6, 5, 8, 2, 6, 9, 9, 9, 7, 9, 1, 3, 7, 1, 8]
[1, 2, 9, 2, 9, 4, 3, 2, 4, 8, 8, 8, 1, 9, 3, 6, 3, 8, 4, 1, 2, 5, 1, 6, 4, 8, 7, 6, 5, 1, 9, 4, 2, 2, 4, 8, 2, 1, 7, 9, 2, 9, 3, 3, 9, 7, 5, 5, 2, 3, 8, 6, 1, 8, 1, 7, 9, 4, 6, 3, 6, 1, 4, 7, 2, 9, 4, 9, 1, 2, 8, 8, 7, 4, 9, 1, 5, 8, 8, 3, 7, 3, 8, 2, 1, 7, 7, 9, 9, 3, 1, 9, 1, 1, 1, 9, 1, 1, 8, 7]
[2, 6, 2, 9, 8, 4, 7, 9, 4, 1, 8, 1, 2, 7, 8, 4, 1, 1, 1, 8, 9, 7, 7, 6, 1, 7, 1, 5, 1, 9, 5, 2, 5, 5, 7, 8, 8, 8, 2, 4, 3, 8, 1, 8, 5, 9, 1, 4, 9, 1, 1, 3, 2, 4, 9, 7, 2, 4, 6, 6, 4, 7, 9, 1, 9, 9, 9, 5, 1, 5, 6, 7, 5, 4, 1, 4, 9, 1, 5, 5, 1, 6, 6, 7, 9, 9, 2, 9, 1, 4, 4, 6, 8, 5, 6, 9, 2, 2, 7, 8]
[2, 7, 7, 2, 6, 8, 2, 7, 9, 8, 8, 1, 5, 6, 6, 2, 3, 7, 6, 8, 2, 7, 3, 9, 4, 2, 7, 1, 8, 4, 9, 2, 1, 2, 1, 1, 3, 2, 1, 3, 6, 9, 2, 6, 8, 7, 6, 2, 7, 6, 9, 4, 8, 7, 7, 3, 6, 5, 1, 9, 8, 5, 9, 5, 1, 3, 2, 7, 6, 8, 3, 4, 9, 9, 4, 1, 7, 3, 5, 9, 1, 6, 5, 9, 9, 4, 8, 5, 2, 8, 6, 1, 4, 4, 6, 7, 6, 9, 4, 5]
[2, 3, 9, 3, 9, 3, 2, 6, 8, 7, 7, 2, 3, 1, 8, 8, 3, 9, 3, 8, 3, 9, 5, 1, 9, 5, 6, 3, 9, 1, 4, 2, 1, 8, 4, 4, 6, 6, 1, 3, 7, 9, 3, 7, 1, 9, 1, 6, 9, 1, 1, 8, 4, 9, 9, 1, 3, 4, 8, 2, 8, 9, 5, 5, 1, 5, 1, 2, 1, 8, 2, 9, 8, 1, 5, 2, 9, 9, 4, 5, 9, 8, 2, 8, 9, 7, 1, 2, 7, 2, 4, 8, 9, 1, 8, 5, 7, 1, 9, 1]
[3, 6, 1, 7, 3, 9, 8, 3, 1, 8, 4, 8, 2, 2, 6, 5, 9, 2, 6, 5, 8, 2, 9, 9, 4, 8, 8, 9, 2, 6, 8, 6, 3, 1, 8, 6, 9, 9, 5, 5, 2, 2, 7, 7, 5, 8, 6, 9, 8, 8, 1, 7, 9, 3, 9, 9, 9, 2, 4, 7, 1, 6, 9, 9, 8, 1, 9, 5, 8, 9, 3, 8, 2, 8, 9, 1, 9, 1, 5, 1, 4, 3, 6, 3, 3, 4, 9, 1, 6, 6, 7, 1, 9, 1, 9, 8, 3, 2, 1, 7]
[6, 9, 1, 1, 4, 7, 1, 5, 2, 7, 8, 5, 9, 2, 1, 1, 2, 9, 9, 3, 1, 3, 8, 5, 1, 8, 6, 3, 8, 7, 9, 9, 3, 5, 1, 2, 9, 2, 7, 8, 7, 8, 6, 8, 9, 5, 1, 6, 7, 1, 5, 9, 9, 5, 6, 3, 1, 6, 1, 8, 1, 9, 1, 3, 8, 9, 9, 9, 7, 8, 2, 4, 6, 1, 6, 7, 1, 1, 9, 4, 8, 2, 5, 8, 3, 7, 6, 6, 9, 7, 3, 2, 7, 7, 1, 2, 1, 1, 9, 1]
[1, 9, 8, 1, 7, 1, 9, 3, 4, 9, 4, 1, 8, 1, 6, 7, 7, 9, 2, 1, 1, 8, 9, 2, 9, 8, 7, 2, 2, 7, 8, 1, 1, 7, 5, 5, 2, 7, 1, 1, 9, 8, 8, 2, 3, 1, 2, 4, 8, 8, 1, 9, 1, 9, 4, 1, 8, 7, 7, 3, 1, 8, 1, 3, 1, 3, 1, 1, 4, 4, 2, 8, 4, 4, 6, 1, 1, 5, 9, 7, 9, 5, 2, 7, 1, 8, 1, 8, 5, 9, 9, 9, 9, 4, 5, 9, 3, 7, 1, 4]
[2, 8, 1, 1, 1, 9, 9, 1, 9, 6, 1, 4, 9, 4, 5, 3, 9, 7, 6, 1, 6, 4, 3, 9, 1, 8, 9, 2, 6, 3, 9, 3, 8, 8, 9, 9, 9, 1, 2, 4, 2, 7, 9, 7, 3, 1, 1, 5, 9, 5, 2, 8, 8, 9, 3, 8, 9, 1, 1, 2, 1, 7, 9, 2, 1, 1, 8, 6, 8, 8, 1, 7, 3, 6, 2, 7, 5, 4, 9, 8, 8, 1, 3, 1, 1, 6, 4, 2, 3, 3, 8, 1, 1, 7, 9, 6, 2, 7, 5, 8]
[4, 6, 9, 1, 7, 1, 6, 4, 8, 4, 6, 3, 7, 2, 9, 9, 8, 9, 2, 1, 5, 9, 4, 7, 4, 7, 2, 1, 9, 2, 9, 4, 1, 3, 9, 1, 4, 2, 3, 3, 3, 6, 7, 7, 4, 1, 4, 2, 9, 2, 2, 9, 2, 4, 1, 2, 2, 6, 8, 9, 9, 9, 8, 9, 2, 5, 4, 6, 8, 6, 6, 3, 1, 6, 1, 1, 5, 1, 8, 9, 4, 4, 8, 6, 3, 8, 8, 7, 9, 7, 9, 6, 8, 1, 5, 2, 9, 7, 8, 2]
[4, 4, 8, 2, 1, 3, 8, 9, 7, 8, 6, 9, 9, 5, 1, 1, 1, 1, 8, 5, 1, 9, 1, 1, 8, 4, 8, 8, 4, 7, 2, 7, 4, 9, 7, 2, 1, 6, 8, 2, 1, 2, 1, 8, 7, 9, 1, 2, 1, 7, 1, 9, 1, 4, 2, 1, 2, 9, 1, 2, 7, 7, 9, 2, 2, 1, 6, 9, 6, 2, 8, 9, 8, 1, 2, 9, 6, 1, 8, 9, 3, 1, 8, 1, 2, 8, 9, 1, 7, 6, 2, 9, 9, 1, 2, 2, 7, 1, 8, 9]
[9, 1, 6, 5, 1, 2, 2, 8, 8, 8, 8, 9, 8, 1, 9, 9, 6, 1, 8, 1, 1, 9, 1, 4, 1, 6, 1, 1, 9, 7, 4, 6, 1, 4, 9, 7, 1, 9, 7, 1, 3, 1, 8, 4, 9, 3, 2, 6, 7, 9, 1, 5, 6, 1, 2, 3, 1, 3, 2, 1, 1, 2, 1, 7, 6, 1, 7, 3, 9, 2, 4, 2, 4, 1, 9, 7, 6, 8, 1, 3, 1, 2, 9, 9, 9, 9, 1, 9, 6, 2, 1, 7, 7, 1, 1, 8, 5, 7, 2, 9]
[1, 5, 8, 8, 1, 3, 1, 1, 9, 9, 8, 8, 4, 5, 1, 6, 6, 2, 9, 9, 8, 6, 8, 7, 1, 3, 3, 2, 4, 1, 1, 2, 2, 7, 3, 1, 3, 2, 8, 1, 1, 9, 2, 1, 1, 2, 9, 4, 1, 4, 7, 6, 4, 3, 4, 7, 2, 4, 3, 7, 8, 9, 9, 6, 8, 8, 1, 9, 7, 9, 8, 2, 2, 4, 1, 8, 1, 9, 6, 8, 9, 9, 3, 4, 2, 1, 2, 1, 2, 8, 2, 9, 3, 4, 8, 5, 6, 8, 1, 6]
[7, 1, 2, 6, 3, 1, 7, 4, 1, 1, 4, 4, 1, 3, 5, 8, 1, 1, 4, 1, 9, 3, 5, 6, 7, 5, 9, 9, 6, 8, 2, 8, 9, 2, 3, 3, 4, 9, 8, 7, 3, 8, 1, 2, 5, 1, 1, 8, 8, 9, 5, 2, 7, 5, 4, 3, 9, 9, 9, 2, 8, 7, 6, 9, 3, 5, 9, 2, 9, 7, 9, 7, 1, 2, 1, 4, 8, 7, 5, 8, 4, 4, 9, 8, 3, 9, 3, 7, 8, 9, 9, 9, 5, 3, 2, 1, 2, 9, 8, 8]
[8, 5, 8, 7, 2, 4, 6, 8, 6, 1, 9, 9, 6, 9, 9, 9, 3, 4, 9, 5, 8, 7, 1, 7, 9, 1, 4, 8, 7, 1, 8, 6, 9, 7, 5, 9, 9, 4, 8, 8, 7, 9, 6, 3, 9, 8, 9, 8, 3, 1, 1, 5, 4, 8, 7, 4, 9, 4, 6, 9, 3, 6, 5, 7, 1, 4, 6, 2, 9, 9, 1, 1, 8, 2, 2, 2, 2, 1, 9, 1, 3, 4, 2, 9, 9, 1, 1, 1, 4, 8, 9, 1, 9, 4, 2, 3, 1, 9, 6, 5]
[1, 7, 5, 6, 1, 9, 1, 9, 6, 9, 1, 9, 4, 3, 4, 6, 8, 8, 8, 1, 9, 4, 3, 4, 6, 7, 1, 1, 4, 9, 3, 7, 6, 2, 1, 7, 1, 7, 6, 5, 9, 7, 6, 6, 2, 9, 1, 9, 4, 9, 4, 8, 4, 3, 9, 3, 9, 4, 6, 4, 6, 7, 1, 7, 3, 4, 6, 2, 9, 1, 9, 6, 4, 2, 2, 2, 9, 8, 7, 1, 6, 9, 4, 3, 8, 1, 3, 3, 7, 7, 4, 1, 4, 8, 8, 1, 2, 9, 1, 8]
[8, 7, 8, 9, 1, 9, 8, 2, 2, 1, 2, 5, 8, 9, 5, 4, 4, 6, 8, 9, 8, 6, 2, 9, 3, 3, 9, 9, 4, 1, 9, 7, 7, 9, 2, 2, 3, 3, 7, 8, 9, 4, 3, 3, 4, 6, 2, 8, 2, 7, 8, 6, 8, 4, 7, 5, 1, 3, 6, 4, 9, 2, 6, 4, 2, 6, 1, 5, 3, 9, 6, 6, 2, 2, 9, 4, 9, 2, 9, 7, 5, 9, 4, 9, 9, 7, 6, 8, 9, 8, 6, 7, 9, 8, 1, 6, 9, 2, 4, 1]
[1, 1, 3, 8, 3, 6, 9, 9, 9, 3, 9, 8, 2, 3, 3, 1, 5, 4, 9, 1, 9, 6, 7, 9, 2, 9, 7, 6, 5, 5, 9, 7, 9, 9, 2, 8, 3, 4, 1, 3, 6, 5, 4, 9, 4, 9, 8, 8, 9, 1, 5, 8, 6, 7, 1, 6, 3, 8, 3, 6, 9, 9, 7, 5, 8, 8, 8, 7, 3, 1, 1, 6, 5, 5, 5, 1, 6, 5, 9, 8, 7, 7, 5, 1, 1, 9, 3, 4, 9, 5, 3, 9, 9, 8, 8, 2, 2, 2, 7, 4]
[2, 1, 1, 4, 8, 2, 6, 3, 7, 1, 8, 1, 1, 1, 1, 2, 1, 9, 8, 9, 9, 9, 5, 6, 4, 9, 9, 7, 7, 1, 1, 1, 2, 5, 9, 9, 1, 5, 2, 9, 2, 9, 8, 6, 1, 2, 2, 1, 4, 1, 4, 5, 5, 8, 7, 7, 5, 2, 6, 6, 9, 6, 7, 5, 3, 2, 4, 9, 8, 2, 8, 1, 8, 2, 6, 3, 8, 8, 1, 1, 1, 8, 6, 2, 7, 7, 9, 1, 3, 1, 2, 9, 6, 2, 8, 1, 9, 1, 3, 5]
[3, 2, 8, 9, 2, 8, 3, 3, 3, 2, 3, 6, 3, 2, 1, 8, 1, 3, 1, 2, 9, 9, 1, 8, 1, 6, 4, 8, 8, 2, 7, 2, 9, 4, 9, 7, 7, 2, 1, 3, 2, 1, 7, 2, 1, 5, 1, 3, 8, 5, 5, 5, 9, 1, 3, 6, 9, 9, 1, 8, 3, 8, 5, 5, 9, 2, 6, 3, 4, 8, 8, 1, 7, 2, 1, 3, 8, 8, 1, 7, 1, 9, 9, 3, 2, 3, 9, 6, 9, 5, 9, 9, 9, 2, 9, 6, 8, 1, 2, 1]
[8, 5, 8, 7, 8, 5, 3, 3, 6, 7, 9, 3, 9, 5, 9, 1, 6, 8, 5, 7, 9, 3, 7, 8, 3, 9, 9, 7, 2, 2, 6, 8, 9, 4, 7, 1, 3, 7, 8, 9, 9, 1, 3, 9, 9, 9, 8, 9, 2, 8, 5, 9, 9, 2, 3, 5, 5, 6, 1, 6, 1, 1, 1, 4, 8, 9, 9, 6, 6, 1, 2, 5, 3, 2, 6, 4, 2, 9, 2, 6, 9, 2, 7, 1, 4, 8, 2, 3, 2, 3, 9, 8, 9, 9, 9, 8, 2, 1, 9, 3]
[9, 9, 4, 1, 3, 1, 7, 1, 2, 7, 3, 5, 8, 8, 6, 5, 2, 2, 9, 1, 9, 2, 3, 9, 7, 6, 1, 9, 6, 1, 1, 2, 1, 2, 9, 9, 7, 2, 5, 5, 9, 6, 1, 5, 7, 4, 8, 4, 9, 5, 6, 9, 6, 8, 9, 9, 2, 2, 8, 1, 6, 1, 8, 1, 1, 8, 9, 1, 5, 1, 8, 5, 9, 7, 6, 9, 3, 9, 9, 1, 4, 1, 9, 9, 9, 2, 5, 7, 7, 7, 9, 2, 9, 5, 7, 6, 2, 2, 6, 3]
[2, 1, 7, 1, 9, 9, 9, 6, 2, 7, 6, 9, 4, 7, 5, 7, 5, 1, 7, 5, 5, 9, 2, 1, 9, 9, 2, 2, 4, 8, 9, 9, 5, 7, 8, 5, 2, 8, 4, 1, 8, 5, 4, 8, 4, 4, 6, 6, 3, 1, 7, 5, 8, 9, 2, 6, 4, 9, 8, 6, 1, 8, 3, 2, 1, 9, 8, 9, 3, 6, 8, 9, 8, 8, 5, 3, 4, 9, 1, 2, 8, 1, 1, 1, 8, 1, 2, 7, 1, 1, 9, 1, 1, 1, 1, 2, 6, 8, 5, 3]
[9, 8, 4, 7, 1, 8, 7, 2, 5, 1, 8, 9, 2, 4, 8, 6, 9, 9, 9, 1, 8, 9, 9, 8, 9, 9, 1, 2, 1, 8, 8, 1, 9, 1, 3, 7, 9, 4, 9, 9, 1, 2, 6, 3, 2, 7, 2, 5, 2, 9, 1, 7, 3, 5, 1, 3, 5, 6, 7, 1, 1, 4, 9, 6, 3, 3, 4, 2, 9, 1, 3, 6, 4, 4, 1, 5, 6, 8, 6, 6, 6, 2, 1, 8, 2, 2, 1, 9, 5, 6, 2, 1, 9, 3, 3, 2, 1, 1, 1, 1]
[9, 1, 8, 9, 9, 2, 9, 4, 2, 4, 9, 8, 2, 8, 7, 1, 1, 6, 8, 6, 1, 2, 7, 9, 7, 8, 1, 2, 5, 1, 5, 9, 1, 6, 1, 8, 2, 1, 7, 1, 2, 7, 3, 9, 9, 8, 1, 9, 9, 8, 6, 3, 6, 6, 5, 4, 5, 2, 7, 3, 6, 9, 1, 8, 9, 1, 6, 9, 2, 4, 9, 6, 9, 9, 9, 9, 6, 1, 2, 4, 9, 2, 9, 3, 5, 6, 6, 7, 5, 1, 7, 2, 9, 5, 1, 6, 8, 2, 9, 5]
[3, 6, 2, 4, 6, 8, 1, 8, 5, 6, 8, 8, 1, 7, 9, 9, 9, 8, 7, 1, 9, 9, 5, 3, 9, 1, 9, 3, 7, 2, 3, 9, 4, 2, 3, 9, 5, 3, 3, 4, 4, 8, 9, 5, 3, 1, 1, 4, 2, 4, 1, 2, 6, 1, 8, 4, 9, 1, 4, 4, 7, 4, 2, 1, 1, 6, 4, 5, 2, 4, 7, 9, 3, 8, 7, 7, 1, 6, 8, 1, 9, 8, 8, 4, 5, 1, 1, 7, 1, 2, 5, 4, 9, 1, 3, 3, 7, 3, 1, 1]
[9, 2, 9, 7, 7, 1, 1, 5, 9, 1, 3, 8, 7, 4, 6, 5, 3, 2, 4, 4, 6, 5, 9, 1, 7, 9, 2, 1, 1, 1, 6, 9, 2, 2, 7, 4, 2, 2, 1, 8, 7, 9, 1, 9, 4, 3, 8, 3, 9, 1, 4, 2, 8, 8, 2, 8, 8, 2, 1, 8, 1, 9, 8, 6, 5, 2, 3, 4, 1, 6, 3, 2, 3, 9, 6, 2, 9, 1, 8, 8, 9, 1, 9, 9, 5, 9, 2, 7, 5, 3, 3, 9, 4, 9, 4, 9, 3, 1, 8, 1]
[3, 9, 1, 3, 8, 9, 7, 7, 4, 5, 4, 9, 1, 1, 8, 4, 2, 4, 4, 2, 9, 9, 3, 9, 6, 9, 9, 7, 4, 3, 1, 7, 9, 1, 9, 9, 1, 2, 9, 1, 5, 9, 6, 1, 8, 4, 4, 1, 9, 1, 4, 8, 6, 2, 7, 2, 1, 5, 9, 1, 8, 1, 5, 2, 6, 1, 8, 9, 7, 1, 3, 5, 5, 6, 5, 6, 9, 1, 1, 4, 2, 2, 9, 8, 8, 3, 6, 2, 3, 4, 2, 8, 2, 9, 9, 5, 7, 9, 1, 8]
[2, 1, 6, 1, 3, 5, 7, 1, 9, 8, 1, 2, 9, 8, 9, 4, 9, 8, 1, 2, 5, 8, 9, 7, 9, 8, 9, 3, 9, 8, 1, 1, 2, 9, 2, 7, 1, 6, 5, 7, 8, 1, 8, 8, 8, 3, 1, 7, 5, 9, 8, 7, 7, 1, 8, 2, 9, 8, 8, 7, 9, 2, 4, 2, 2, 9, 7, 7, 8, 1, 1, 6, 6, 6, 8, 9, 3, 2, 3, 7, 1, 7, 9, 9, 1, 7, 6, 3, 9, 9, 5, 9, 1, 4, 1, 1, 1, 2, 9, 9]
[1, 4, 2, 9, 6, 9, 1, 3, 9, 3, 1, 3, 2, 1, 5, 9, 4, 9, 6, 9, 9, 8, 9, 9, 4, 9, 8, 9, 7, 2, 1, 9, 9, 8, 7, 7, 1, 6, 5, 3, 2, 2, 2, 4, 1, 3, 1, 9, 1, 1, 5, 2, 7, 9, 5, 1, 2, 2, 9, 9, 1, 4, 2, 2, 9, 9, 9, 7, 1, 4, 7, 5, 8, 5, 4, 8, 1, 1, 8, 2, 1, 1, 4, 7, 6, 9, 1, 2, 9, 1, 9, 5, 6, 9, 8, 5, 9, 6, 5, 7]
[1, 1, 5, 5, 1, 4, 6, 2, 8, 7, 1, 7, 1, 6, 2, 1, 7, 4, 3, 8, 6, 2, 8, 4, 5, 4, 6, 2, 2, 1, 1, 9, 8, 3, 1, 9, 1, 9, 1, 7, 5, 9, 2, 2, 8, 7, 9, 5, 1, 2, 4, 9, 2, 9, 9, 1, 9, 5, 2, 6, 2, 4, 8, 1, 1, 9, 1, 1, 9, 9, 6, 9, 1, 9, 6, 7, 2, 7, 7, 1, 4, 2, 6, 1, 9, 8, 6, 8, 4, 2, 8, 2, 8, 1, 7, 7, 2, 5, 5, 2]
[2, 4, 3, 5, 5, 1, 7, 9, 8, 1, 8, 7, 9, 3, 2, 8, 1, 1, 4, 5, 7, 4, 6, 9, 8, 7, 8, 7, 1, 9, 3, 8, 9, 4, 9, 8, 2, 9, 9, 2, 5, 8, 1, 1, 9, 5, 3, 2, 7, 8, 1, 9, 6, 5, 1, 5, 1, 1, 8, 9, 9, 2, 2, 4, 4, 9, 1, 6, 8, 6, 9, 6, 1, 8, 9, 9, 1, 7, 4, 1, 6, 8, 2, 2, 6, 2, 4, 9, 5, 2, 2, 6, 5, 8, 6, 6, 1, 1, 4, 6]
[1, 9, 1, 9, 8, 9, 4, 9, 8, 9, 2, 2, 1, 5, 2, 9, 5, 5, 3, 3, 9, 9, 1, 3, 3, 3, 8, 6, 1, 6, 9, 9, 9, 9, 5, 5, 2, 8, 9, 5, 1, 8, 5, 5, 5, 2, 2, 2, 2, 7, 5, 5, 1, 5, 9, 9, 2, 2, 5, 5, 2, 4, 3, 1, 1, 4, 9, 7, 8, 6, 5, 1, 1, 9, 7, 3, 7, 4, 5, 3, 4, 3, 9, 3, 1, 8, 1, 8, 5, 3, 9, 3, 1, 5, 3, 1, 1, 1, 7, 5]
[2, 6, 8, 3, 3, 8, 1, 8, 3, 5, 1, 2, 1, 3, 5, 1, 1, 8, 2, 9, 9, 8, 4, 8, 9, 9, 1, 9, 9, 1, 1, 3, 7, 2, 8, 9, 4, 2, 9, 1, 8, 9, 4, 9, 7, 3, 3, 9, 9, 4, 9, 3, 1, 9, 4, 2, 8, 1, 3, 7, 9, 9, 7, 1, 9, 6, 9, 1, 8, 3, 4, 1, 6, 9, 7, 4, 3, 4, 6, 4, 7, 9, 1, 5, 1, 2, 7, 4, 2, 9, 1, 7, 9, 9, 8, 5, 3, 1, 2, 9]
[1, 7, 5, 1, 9, 9, 1, 3, 8, 4, 2, 4, 9, 7, 8, 1, 8, 9, 9, 9, 4, 7, 6, 6, 5, 9, 2, 1, 2, 1, 9, 8, 2, 7, 6, 1, 6, 9, 9, 9, 2, 3, 9, 5, 1, 9, 4, 5, 5, 9, 2, 9, 7, 1, 3, 7, 2, 2, 2, 3, 9, 7, 1, 1, 1, 4, 9, 2, 2, 5, 3, 8, 3, 6, 1, 6, 5, 1, 9, 7, 1, 2, 9, 4, 1, 8, 8, 9, 3, 2, 2, 7, 1, 2, 8, 2, 8, 4, 1, 8]
[3, 2, 9, 5, 9, 1, 9, 9, 1, 1, 5, 9, 2, 4, 9, 7, 1, 9, 2, 1, 1, 8, 8, 2, 8, 2, 5, 8, 1, 1, 8, 5, 2, 9, 1, 3, 3, 1, 2, 1, 4, 2, 7, 5, 2, 3, 2, 8, 1, 9, 9, 1, 9, 2, 9, 6, 9, 1, 9, 6, 5, 2, 7, 4, 3, 6, 8, 8, 2, 5, 6, 8, 9, 2, 9, 9, 6, 7, 1, 2, 1, 9, 7, 4, 9, 1, 8, 9, 8, 1, 3, 1, 2, 4, 8, 8, 7, 2, 7, 8]
[7, 8, 2, 8, 3, 1, 9, 2, 5, 9, 8, 5, 1, 7, 2, 1, 3, 6, 2, 7, 1, 6, 3, 5, 3, 8, 7, 4, 2, 2, 1, 7, 1, 6, 6, 9, 5, 1, 2, 9, 7, 2, 1, 4, 9, 1, 2, 5, 4, 7, 2, 8, 7, 1, 5, 9, 1, 3, 9, 6, 7, 9, 6, 5, 6, 9, 4, 5, 9, 5, 8, 5, 8, 9, 3, 9, 9, 4, 9, 8, 3, 3, 9, 9, 1, 8, 5, 6, 5, 5, 7, 2, 4, 9, 1, 5, 3, 7, 9, 2]
[4, 6, 4, 3, 1, 6, 2, 2, 8, 3, 9, 3, 2, 8, 9, 1, 8, 2, 4, 5, 1, 9, 9, 1, 9, 8, 1, 7, 4, 1, 7, 8, 1, 4, 1, 7, 4, 3, 4, 3, 1, 2, 4, 3, 4, 6, 6, 6, 3, 6, 8, 2, 5, 4, 9, 3, 8, 7, 9, 5, 5, 9, 4, 4, 1, 7, 1, 2, 3, 9, 1, 8, 2, 3, 4, 4, 2, 9, 9, 4, 1, 5, 1, 7, 2, 3, 2, 3, 7, 7, 1, 7, 1, 8, 8, 5, 9, 1, 2, 9]
[9, 3, 8, 2, 8, 1, 1, 9, 3, 7, 8, 2, 3, 9, 7, 3, 2, 2, 7, 8, 1, 3, 9, 2, 7, 8, 3, 5, 2, 1, 3, 6, 8, 8, 2, 1, 1, 4, 1, 5, 8, 3, 6, 9, 6, 8, 1, 9, 1, 5, 2, 7, 3, 3, 7, 7, 9, 2, 1, 5, 9, 8, 3, 4, 1, 4, 2, 7, 3, 9, 8, 9, 2, 6, 6, 1, 8, 1, 8, 8, 7, 7, 4, 2, 9, 7, 3, 9, 3, 9, 5, 1, 4, 9, 4, 2, 1, 4, 7, 1]
[3, 2, 7, 9, 5, 1, 2, 2, 2, 6, 1, 2, 1, 9, 9, 9, 1, 9, 1, 1, 4, 2, 4, 9, 9, 7, 1, 1, 2, 6, 9, 1, 1, 9, 6, 4, 3, 8, 1, 9, 4, 3, 1, 8, 9, 5, 8, 2, 2, 8, 5, 9, 3, 8, 7, 5, 8, 4, 4, 3, 9, 7, 4, 1, 4, 2, 3, 7, 6, 8, 7, 7, 5, 1, 1, 4, 9, 2, 9, 6, 9, 1, 7, 4, 5, 8, 2, 5, 3, 2, 1, 7, 8, 1, 1, 1, 8, 1, 4, 4]
[9, 3, 9, 1, 9, 7, 3, 2, 4, 6, 5, 7, 9, 9, 9, 9, 2, 4, 1, 2, 1, 7, 4, 3, 7, 2, 9, 6, 3, 2, 5, 6, 7, 5, 1, 6, 3, 8, 2, 4, 3, 3, 4, 5, 1, 3, 9, 4, 9, 1, 8, 6, 6, 9, 1, 9, 1, 2, 5, 9, 5, 6, 2, 2, 1, 7, 7, 7, 7, 9, 8, 4, 9, 5, 7, 2, 7, 9, 2, 9, 7, 3, 7, 1, 6, 5, 6, 9, 9, 5, 9, 3, 1, 1, 5, 2, 6, 8, 4, 6]
[4, 6, 7, 1, 4, 3, 8, 1, 5, 8, 3, 8, 2, 6, 4, 6, 3, 9, 3, 8, 4, 7, 4, 1, 9, 8, 9, 9, 5, 9, 6, 6, 7, 6, 4, 6, 8, 3, 7, 4, 1, 9, 8, 8, 7, 4, 1, 7, 5, 2, 9, 8, 7, 7, 2, 3, 9, 9, 4, 8, 2, 5, 1, 2, 7, 9, 3, 9, 2, 8, 8, 3, 8, 5, 5, 6, 9, 8, 4, 1, 1, 3, 9, 3, 3, 8, 7, 8, 1, 1, 7, 3, 4, 8, 9, 9, 5, 2, 3, 9]

100 100
  0   7  16  23  25  26  34  38  44  45  46  50  52  53  60  68  71  73  82  83  93  97 105 113 117 125 134 134 139 147 148 150 152 153 154 163 164 170 175 182 188 190 191 199 200 207 212 209 216 223 225 226 233 236 240 243 250 260 263 272 279 276 283 293 296 305 304 302 312 319 325 328 332 344 350 356 353 362 373 377 375 379 389 390 393 394 398 407 410 411 419 428 433 432 439 442 444 452 455 464 
  8  13  22  28  34  34  35  37  46  52  55  50  59  57  58  59  68  75  76  78  86  95 104 101 114 120 124 132 140 141 150 158 155 159 155 159 163 169 178 173 181 187 190 191 197 199 204 206 215 211 215 222 230 227 233 242 244 242 241 253 253 249 262 258 268 269 269 278 294 298 304 315 308 317 314 319 326 339 341 338 343 348 356 366 365 368 371 374 382 387 386 400 399 405 419 416 430 433 447 441 
 10  19  28  29  34  35  44  43  45  46  47  49  57  66  64  66  72  81  78  79  86  90  99  94 108 111 116 125 129 131 130 139 145 144 158 155 159 168 164 170 178 185 194 194 198 207 210 207 208 209 211 220 222 226 235 236 237 238 240 244 245 247 253 256 259 266 267 276 285 290 293 301 303 308 309 313 322 330 332 336 342 343 351 358 359 367 368 369 378 379 384 391 395 404 412 413 421 430 434 435 
 19  24  25  34  35  44  46  46  43  44  48  52  60  64  67  67  76  74  86  81  82  91  92  93  99 108 106 116 121 124 129 128 139 139 147 145 154 158 162 169 172 175 185 192 194 203 201 204 207 208 211 217 225 228 237 240 238 241 249 247 247 249 252 261 260 268 269 272 281 282 286 295 302 311 312 318 320 329 336 344 343 343 348 357 358 367 375 376 380 387 383 392 399 393 406 411 410 417 419 432 
 22  25  27  29  33  37  38  40  41  43  48  53  54  56  58  67  70  73  82  90  86  95  95  96  98 100 104 113 117 123 125 127 134 136 138 142 150 155 160 165 166 173 176 183 192 197 200 203 206 211 217 220 229 227 238 241 247 249 257 248 256 250 252 260 267 276 278 276 285 283 292 295 296 303 304 313 310 318 323 326 326 326 339 343 347 358 363 371 366 371 377 388 390 392 397 405 409 413 415 424 
 31  26  27  35  36  41  41  47  42  43  52  60  62  57  64  65  71  72  73  82  90  93 101 104 101 105 110 119 126 129 129 130 139 138 142 147 151 156 160 166 168 175 178 184 192 195 202 208 205 213 221 216 218 220 231 239 247 244 253 254 251 251 259 267 276 281 280 277 282 290 296 303 305 307 305 307 309 311 315 320 322 325 334 340 345 348 345 360 362 365 376 381 388 397 405 403 401 407 417 420 
 37  32  28  37  38  47  44  47  47  44  52  61  62  60  64  69  75  81  78  87  88  97 106 105 102 111 116 117 126 126 122 138 142 147 149 148 155 160 167 171 176 176 177 186 195 200 201 202 203 209 213 215 217 218 227 232 241 242 242 245 249 257 262 269 270 273 276 281 287 293 296 297 299 301 304 310 317 315 316 324 323 324 333 338 339 342 343 351 360 362 367 372 380 379 384 386 393 397 409 405 
 37  30  29  38  45  46  53  49  56  48  57  62  69  61  64  70  79  82  83  88  96 101 102 105 103 108 115 117 119 120 121 129 137 139 140 147 156 163 169 170 166 176 186 187 195 195 207 208 212 218 219 223 224 227 229 236 237 240 241 250 253 261 269 277 276 275 283 288 296 302 297 298 308 310 311 312 319 316 325 333 324 332 339 344 346 343 344 353 356 359 360 369 371 373 375 384 392 390 402 404 
 43  41  38  45  48  52  53  52  61  53  56  61  70  70  70  74  82  83  90  95  98 107 108 107 111 115 116 121 128 122 125 134 138 140 144 148 149 158 160 161 165 173 179 181 186 192 201 202 205 209 217 222 226 228 234 238 238 241 250 251 252 260 268 274 275 281 287 290 292 294 295 296 304 305 311 309 308 325 332 333 331 332 333 337 339 346 345 354 358 361 368 375 377 379 376 381 388 389 396 404 
 46  44  46  54  54  55  61  61  58  54  55  63  69  75  72  75  77  84  92 100 107 109 110 108 109 118 117 126 135 131 132 136 145 144 153 157 152 159 160 165 170 175 180 189 194 199 201 209 207 212 215 224 230 234 235 240 244 246 255 257 261 267 275 279 284 288 288 289 291 292 295 297 301 302 303 305 307 316 325 332 337 334 339 338 346 347 349 355 362 362 364 366 370 374 383 385 392 390 395 404 
 55  46  54  56  63  56  57  65  61  55  57  61  64  67  74  77  82  91  97 102 104 111 114 117 110 119 119 124 133 138 138 137 144 150 159 166 157 166 161 169 178 183 189 196 197 206 210 218 215 221 222 230 236 237 243 241 248 255 264 263 264 266 273 277 285 289 296 292 300 293 296 305 309 309 310 314 314 316 324 330 338 343 346 343 347 348 353 356 363 368 369 375 374 382 388 386 395 394 400 407 
 60  52  57  65  61  59  64  66  60  56  64  66  72  75  82  85  91 100 106 103 105 110 115 120 117 122 120 127 135 136 137 142 149 152 156 157 166 169 162 169 171 180 182 191 198 205 209 210 219 227 231 239 238 242 251 243 252 255 256 261 262 267 274 276 278 287 293 293 295 301 297 303 312 315 316 315 321 320 321 328 333 335 344 344 352 354 361 358 363 367 369 370 377 378 387 390 392 395 397 398 
 66  59  63  67  65  63  64  66  73  65  73  72  80  76  83  88  90  96  97  98 107 109 110 112 121 129 129 134 136 138 141 150 152 155 163 159 167 171 170 176 180 186 183 192 201 202 203 208 217 226 227 231 236 244 246 241 250 255 261 262 269 271 280 281 287 283 283 298 302 304 305 309 317 316 324 323 330 326 325 328 333 339 345 345 350 355 358 361 368 370 370 378 380 381 390 397 395 399 401 399 
 66  61  62  63  71  64  73  67  69  71  78  76  85  78  87  95  91 100  98 105 109 110 119 121 130 136 134 140 143 145 147 150 157 158 160 166 167 170 175 183 189 187 190 199 198 209 204 211 216 225 226 227 233 235 237 240 248 249 257 266 271 274 275 276 278 281 282 291 300 302 310 313 317 323 324 332 339 330 326 335 342 348 348 354 356 362 367 362 363 372 372 381 382 388 391 398 400 407 407 400 
 69  62  66  70  70  68  76  71  71  80  85  83  89  87  94 100  94  98 105 107 113 112 121 122 125 130 131 138 140 141 150 158 161 159 167 167 169 178 180 186 192 188 189 194 196 205 205 211 220 226 222 228 229 232 232 232 243 244 248 248 254 260 268 283 284 288 289 298 304 309 314 315 318 324 325 330 335 333 335 338 347 351 351 357 365 363 364 368 372 376 376 384 383 384 390 397 404 408 409 401 
 80  71  75  79  73  70  77  74  76  84  86  84  86  95 103 105 103 102 105 107 116 121 127 130 131 139 135 141 149 146 153 152 164 167 176 176 170 175 174 180 189 192 194 203 203 210 213 213 213 218 219 220 222 225 228 230 234 235 239 246 249 258 266 274 275 284 290 293 289 293 299 303 306 308 321 325 327 334 341 339 343 347 354 356 365 367 371 377 381 385 377 385 385 389 390 400 393 405 404 408 
 75  72  73  81  83  75  81  82  82  83  86  88  92 101 103 109 106 106 106 115 114 117 124 125 128 137 144 147 156 147 149 150 156 165 171 174 171 172 173 182 191 190 193 197 200 201 206 211 212 214 218 227 230 226 233 234 243 237 239 248 250 258 259 267 275 279 283 284 286 291 298 299 304 305 313 322 330 334 343 348 349 356 355 364 367 368 377 379 388 384 378 379 382 383 389 391 392 401 402 403 
 88  79  75  80  78  76  82  90  83  92  95  90  96 103 112 108 107 113 107 112 113 120 128 133 136 134 144 140 142 143 148 150 150 154 163 160 169 163 170 177 171 180 187 186 191 198 204 212 217 221 221 224 233 234 241 235 242 238 247 251 256 260 268 275 284 281 289 292 287 293 301 305 313 313 319 322 332 327 333 341 349 349 360 369 368 374 378 384 384 386 385 381 386 390 390 391 394 398 407 409 
 88  80  78  81  90  85  87  93  92  97  98  94 103 104 105 108 113 120 115 118 114 116 120 124 127 131 129 131 134 138 140 141 143 152 154 159 160 162 167 168 170 177 180 181 190 195 201 210 215 223 229 233 242 237 246 244 248 242 250 255 262 268 272 275 278 282 291 297 294 296 300 301 304 306 312 318 323 326 332 334 340 348 357 361 370 368 372 375 380 384 388 384 388 387 392 396 395 403 411 418 
 88  81  80  87  89  87  88  90  97 105 103  95 104 105 112 116 119 118 116 123 118 117 118 122 123 126 127 130 133 138 143 142 144 153 158 160 161 165 167 173 176 185 182 187 196 198 204 211 218 220 229 228 239 240 250 245 254 245 250 255 258 266 271 274 283 285 291 300 301 298 307 308 309 315 318 323 329 329 333 342 345 349 355 357 366 367 371 372 373 378 379 381 384 385 393 400 404 410 412 418 
 94  84  81  87  95  88  93  91  92 100 104 102 109 107 109 111 114 120 123 130 122 118 119 128 125 127 128 131 134 143 144 149 148 150 151 160 161 170 172 181 178 184 186 188 197 206 205 207 212 217 220 226 235 228 235 242 248 254 258 254 265 270 271 275 278 287 293 294 299 300 302 311 316 318 327 332 330 337 335 337 343 351 353 358 359 356 367 365 374 382 380 389 392 388 391 394 400 402 403 410 
 98  89  87  89  98  97  98  92  99 107 105 108 115 115 112 117 123 129 131 135 129 120 123 124 126 129 132 140 143 144 151 150 149 151 159 160 162 168 168 173 176 185 194 189 198 204 213 211 212 213 218 221 226 227 229 236 239 247 250 253 262 269 277 283 283 287 296 302 307 301 310 314 320 326 331 332 331 336 343 338 340 344 345 351 352 355 361 363 370 377 381 390 389 392 400 403 400 410 412 414 
105  98  93  96 105 103 103 101 101 103 106 107 115 124 119 123 125 134 135 138 126 123 125 125 126 128 129 132 139 143 143 152 155 156 165 169 163 164 165 174 181 186 195 196 198 203 206 207 211 215 223 228 233 230 231 236 241 250 255 255 258 265 274 280 283 291 295 303 305 310 316 322 321 324 333 333 340 344 344 343 346 350 346 353 356 361 364 372 371 376 381 387 385 386 392 397 398 402 403 411 
115 104  95 104 108 105 107 105 102 109 107 110 112 117 122 128 126 131 138 143 130 127 132 126 132 132 137 139 140 141 142 147 149 150 159 168 164 166 172 173 175 183 192 191 196 195 205 207 214 211 213 216 223 225 230 233 242 244 247 256 260 269 271 272 281 289 295 304 306 307 316 319 324 333 333 335 338 344 348 344 351 349 348 357 364 369 371 376 372 378 379 381 384 385 393 395 399 406 410 414 
112  98  96 104 105 114 110 106 106 115 114 118 116 119 121 129 135 132 139 141 140 131 133 129 137 140 142 148 149 142 151 149 158 159 168 165 171 173 173 182 177 184 185 189 193 194 202 203 209 210 211 212 214 223 226 234 242 245 251 249 250 262 274 273 282 290 289 299 302 306 306 314 309 312 322 329 322 333 342 348 349 352 349 350 355 360 369 376 380 386 381 388 385 386 390 399 403 412 419 422 
127 111 102 105 111 119 114 108 115 117 119 123 121 120 124 128 131 132 138 142 137 135 136 138 138 145 146 153 151 147 156 150 151 157 159 161 162 170 171 176 181 190 187 195 194 198 206 207 209 210 215 220 215 219 220 226 235 236 242 246 247 256 265 272 280 283 280 290 295 303 302 303 305 311 318 320 321 329 335 344 343 345 350 351 353 362 365 366 373 373 380 384 388 393 395 404 408 410 419 423 
132 119 111 110 119 125 119 115 123 118 121 127 125 129 126 134 135 138 147 143 145 142 145 147 146 147 153 162 149 148 154 152 155 164 167 170 170 178 175 181 187 194 190 191 194 201 200 209 213 213 218 222 216 218 224 231 235 242 240 245 249 254 267 264 270 276 279 288 294 296 292 293 301 312 320 322 329 330 333 335 341 344 353 358 357 358 359 361 364 369 376 382 391 400 403 412 417 417 423 426 
135 119 117 119 127 123 122 121 125 126 124 130 128 136 128 137 136 140 147 150 147 143 150 156 148 155 162 165 156 153 158 157 164 172 169 173 178 183 181 190 193 200 195 199 195 198 199 205 214 218 225 225 224 222 224 230 233 234 235 236 241 250 259 260 267 275 277 282 289 290 291 292 300 305 314 322 325 334 339 336 340 348 349 354 358 358 365 362 371 378 382 389 390 399 400 408 411 409 412 424 
144 129 121 123 124 132 123 130 133 127 133 137 134 141 135 138 144 142 151 159 159 150 152 158 149 155 164 161 160 162 163 161 168 177 178 177 179 188 187 188 189 198 204 202 200 207 206 208 212 217 224 229 232 224 233 237 238 243 238 237 243 250 258 262 267 271 279 275 288 290 295 298 304 308 317 323 329 330 336 344 342 349 351 353 354 355 362 370 371 379 384 393 391 394 399 400 403 405 408 416 
141 128 126 130 127 128 125 134 134 128 131 140 135 144 144 139 140 141 145 150 157 154 161 151 150 151 159 167 165 164 165 162 171 179 183 181 182 184 193 193 197 200 209 211 202 211 207 213 213 217 218 227 230 232 236 244 241 248 244 240 244 253 260 263 267 269 271 272 280 288 296 300 308 315 317 324 326 335 342 347 351 355 359 356 362 357 358 365 373 379 387 394 400 402 400 408 409 410 409 410 
153 137 128 131 128 132 126 134 143 134 140 148 143 150 149 141 145 148 154 155 163 160 165 152 151 159 165 174 174 168 173 164 171 174 175 179 181 187 194 199 204 201 210 210 209 213 209 214 214 219 227 228 235 241 238 244 245 248 246 249 252 254 262 270 274 276 273 277 279 285 293 298 307 314 322 321 323 334 341 339 347 348 353 359 368 359 364 370 371 379 385 391 392 399 401 402 410 411 417 411 
161 143 136 135 135 134 133 142 139 135 139 140 143 152 144 142 151 153 159 161 166 169 166 158 156 165 167 169 178 177 169 167 170 173 182 181 188 196 195 198 199 207 211 214 211 212 211 220 222 228 235 237 236 237 239 244 246 247 253 258 260 258 265 270 271 272 275 279 285 290 298 304 307 310 319 320 321 325 333 338 342 344 352 347 353 358 365 368 374 380 385 397 398 404 404 406 407 408 417 420 
168 145 138 144 137 142 134 137 143 138 147 142 148 150 149 148 150 159 160 161 169 171 167 164 162 163 171 174 175 179 182 176 171 172 181 185 191 196 204 207 208 213 220 222 213 214 213 214 219 228 236 245 239 238 247 253 250 254 262 260 268 260 265 269 278 275 278 283 280 283 297 303 306 314 311 313 320 321 330 333 334 336 343 344 347 355 357 362 369 372 381 388 393 395 402 404 411 417 421 422 
177 154 147 143 142 148 139 145 152 146 146 144 153 159 152 153 157 165 163 165 170 172 176 175 166 164 172 181 182 188 180 179 179 173 182 190 194 189 201 203 209 213 216 218 215 220 221 218 227 232 239 240 240 244 246 248 253 261 266 263 272 268 266 270 271 272 275 277 278 279 288 295 296 293 303 305 319 322 330 339 338 340 349 346 354 354 366 367 370 377 386 385 395 390 389 404 405 412 407 415 
184 164 155 146 149 145 142 143 148 150 149 151 155 164 159 157 166 170 165 172 172 175 184 170 168 169 178 182 191 192 193 184 186 182 183 184 185 186 194 202 210 208 219 223 223 227 223 226 235 238 239 245 246 251 247 256 254 261 262 271 272 277 273 276 272 276 284 282 279 281 282 286 287 292 301 304 313 322 323 331 336 345 353 347 348 350 358 362 364 369 378 382 386 387 388 396 399 403 406 407 
192 172 156 148 149 148 144 151 151 154 154 154 162 164 164 160 169 175 173 175 174 182 191 182 175 174 178 186 187 188 195 188 194 190 191 186 191 193 195 199 203 205 214 215 221 222 226 232 238 243 243 252 255 253 255 259 261 270 263 270 276 284 281 279 274 277 286 285 287 290 290 294 296 301 304 313 314 323 332 340 342 344 353 350 353 351 353 359 368 377 378 384 386 393 391 400 400 408 415 413 
198 170 156 155 158 158 149 151 158 162 155 155 156 158 162 162 170 171 179 179 179 188 195 182 181 182 179 180 189 197 203 197 198 194 196 187 192 198 204 206 207 206 213 214 215 222 231 232 234 235 243 245 251 252 253 261 266 273 268 272 273 277 284 284 283 280 285 294 291 292 296 295 303 303 305 308 316 317 325 333 334 343 350 356 355 360 362 364 365 370 374 381 389 390 394 401 402 411 419 414 
200 179 171 163 164 160 154 159 159 164 158 161 157 166 170 169 173 179 188 186 181 190 198 187 183 189 188 186 195 198 199 206 197 195 192 188 192 197 198 200 204 211 214 223 216 223 227 231 232 239 248 249 253 254 260 267 270 271 271 277 282 279 285 286 284 287 287 295 292 298 305 304 306 305 306 309 318 325 328 332 337 345 354 359 363 361 370 372 374 371 380 389 390 393 401 403 405 414 423 415 
197 183 173 164 173 161 160 166 164 166 166 163 161 167 168 171 180 181 184 192 183 189 198 196 192 190 197 189 198 200 204 213 205 202 199 197 197 206 201 209 207 209 216 224 222 226 227 229 232 234 239 248 254 261 266 267 276 279 280 285 288 286 294 294 285 286 294 297 298 307 313 313 307 306 307 312 315 320 329 332 341 340 351 356 363 363 366 376 378 376 378 385 390 392 401 403 412 413 415 421 
212 196 172 167 170 174 169 168 171 175 169 165 167 168 176 177 178 185 193 197 188 197 203 198 201 196 199 193 199 201 204 213 212 211 203 201 204 206 210 211 208 211 215 223 223 229 228 233 233 242 248 251 260 263 266 269 278 282 281 285 291 295 302 301 292 291 297 306 304 308 317 313 314 312 314 314 322 323 331 337 338 339 345 352 356 361 362 371 380 379 379 388 397 397 400 403 408 412 420 421 
212 200 183 175 176 175 178 173 179 175 168 166 168 170 176 179 187 186 187 191 194 197 200 200 207 205 204 200 201 204 212 221 213 212 211 207 211 207 216 213 217 212 216 217 225 232 229 238 242 246 248 250 259 265 273 270 278 279 281 285 294 296 300 299 297 300 305 314 307 309 310 311 320 321 315 321 322 329 337 338 342 348 351 357 364 366 367 368 376 378 387 391 398 406 403 411 409 415 424 423 
220 199 187 184 185 184 181 174 183 181 169 167 168 175 177 186 190 188 195 199 201 206 203 201 206 214 210 209 202 207 215 216 214 217 214 209 210 214 219 222 222 215 216 224 229 237 231 233 240 248 255 251 256 265 273 273 282 281 288 282 287 296 305 307 306 307 312 313 314 318 311 320 327 327 318 324 324 333 335 339 343 345 350 353 362 366 371 375 371 386 392 400 399 401 404 408 411 414 423 425 
217 203 189 186 187 190 180 179 184 179 175 175 175 183 182 186 187 189 197 198 203 210 212 210 208 212 211 212 204 208 211 216 219 218 216 215 218 220 222 225 225 218 217 226 227 230 231 238 245 249 251 260 264 267 271 275 276 278 279 281 290 286 296 291 298 293 307 318 315 324 316 324 326 334 327 330 327 333 339 346 346 352 356 354 356 357 365 367 370 378 387 390 392 397 404 412 415 415 423 431 
225 211 189 187 189 193 189 186 187 189 183 180 183 185 191 192 191 192 193 201 208 209 211 211 214 220 219 219 210 217 215 217 226 222 222 219 225 223 227 234 228 220 221 230 236 234 233 242 248 248 251 257 264 268 273 282 277 286 287 282 284 285 287 290 291 292 300 309 317 320 325 325 334 337 332 334 331 334 340 348 347 348 357 355 361 358 367 374 374 381 382 386 394 399 408 413 414 422 431 440 
229 218 204 196 193 197 191 187 190 199 191 182 187 193 200 194 193 194 195 199 205 211 214 217 221 229 224 221 219 226 221 221 223 231 230 221 228 225 234 241 232 224 226 233 238 235 235 237 246 247 256 257 264 272 281 277 281 290 285 284 291 294 288 297 292 301 308 314 319 320 330 332 334 336 335 342 333 342 343 346 347 356 362 359 363 365 366 370 371 376 385 394 397 403 407 411 420 424 426 434 
245 221 204 202 199 206 195 190 199 200 197 188 195 202 200 199 194 196 202 204 212 212 221 226 228 231 231 222 220 224 230 224 232 234 227 222 227 234 235 236 237 228 235 235 242 242 242 246 250 249 252 255 262 266 272 273 279 288 289 292 292 301 293 301 299 300 304 305 314 318 321 323 332 341 336 344 338 345 346 352 351 353 355 363 369 370 370 378 380 383 390 394 399 408 408 411 414 423 431 435 
239 223 213 204 202 205 199 192 197 206 198 189 190 198 207 200 198 204 206 206 208 215 222 231 229 231 235 222 221 223 227 231 233 234 235 226 234 238 244 237 238 229 232 233 240 243 248 251 253 256 260 259 260 266 273 282 288 291 290 292 300 303 302 304 308 309 313 314 319 327 325 332 341 347 340 342 339 342 343 345 346 355 358 364 367 368 376 378 379 380 389 398 403 405 407 415 417 426 433 441 
242 225 212 211 206 214 195 193 201 206 201 198 191 195 199 205 202 211 207 211 214 215 218 223 232 235 244 232 223 228 228 229 234 236 235 227 230 236 243 245 246 237 241 240 242 250 249 254 257 258 259 260 261 270 274 280 289 293 295 297 301 308 303 304 309 316 320 317 320 320 320 331 333 335 334 340 338 347 340 346 349 358 362 364 365 367 367 382 384 383 390 389 396 397 407 416 419 428 433 441 
250 237 224 218 214 214 198 197 199 208 214 199 192 193 200 202 203 212 209 213 218 223 226 224 233 242 246 232 224 231 236 238 243 237 241 232 237 244 250 251 249 243 250 246 248 256 256 256 265 267 263 268 270 279 275 276 282 285 291 297 298 305 311 307 309 310 311 312 313 317 319 324 325 326 330 331 336 338 339 342 348 355 357 360 362 363 365 374 375 376 385 386 387 391 398 407 410 419 427 432 
264 246 233 225 221 219 206 200 201 207 209 210 201 196 202 204 204 205 214 222 226 229 235 233 241 249 253 238 229 237 245 241 247 241 239 238 239 241 242 246 252 249 248 247 256 257 263 262 264 268 269 270 279 285 276 285 289 293 298 301 307 303 311 309 318 316 316 321 320 325 323 332 334 335 338 332 341 340 343 343 352 358 358 367 366 372 371 372 374 375 376 385 387 390 399 407 410 419 423 428 
268 250 230 226 230 231 218 209 206 211 211 210 199 197 204 209 211 211 219 223 225 230 232 241 243 244 246 239 238 240 244 245 248 247 250 241 248 250 244 249 251 254 252 250 254 263 268 263 266 274 278 277 281 286 278 286 287 288 291 293 301 302 309 318 323 323 325 322 323 326 324 325 327 328 329 331 340 341 346 350 354 361 367 369 369 372 380 381 376 384 384 388 396 397 406 407 416 418 421 420 
275 244 235 234 239 232 213 211 211 220 219 209 201 198 207 214 219 218 226 224 232 234 233 242 246 252 247 244 239 248 244 250 251 250 259 250 257 255 247 250 251 253 257 253 262 271 275 270 269 278 282 281 288 291 286 295 289 289 296 294 302 303 312 318 319 322 324 328 325 328 330 326 330 329 337 334 339 340 345 347 354 357 366 370 373 373 378 382 378 386 392 392 401 406 413 409 416 417 418 419 
272 249 244 241 246 231 221 220 216 224 220 218 205 202 211 212 214 219 220 228 236 241 234 237 246 255 253 241 240 241 243 252 260 252 257 255 256 259 256 251 252 255 262 255 257 262 267 276 270 274 275 278 283 292 287 289 294 298 304 299 304 304 313 314 316 325 326 333 328 331 335 335 333 338 338 340 346 341 342 349 358 354 365 366 367 368 377 384 384 393 398 401 410 410 412 410 414 423 421 420 
282 249 245 243 250 238 230 229 221 223 228 216 206 203 210 214 223 224 227 229 237 244 235 237 246 248 256 248 246 249 251 259 260 261 258 263 259 266 265 258 258 261 263 256 258 261 269 274 271 280 277 285 292 295 289 291 300 306 301 300 301 302 304 307 311 318 323 331 337 331 335 336 334 335 342 343 345 350 343 346 351 352 361 360 369 369 374 376 380 389 390 395 402 411 419 412 421 423 429 428 
284 257 248 245 251 240 239 227 226 232 236 222 216 207 216 221 229 230 232 232 235 242 238 244 252 256 257 259 254 250 257 263 263 268 260 261 260 267 260 259 265 270 261 258 266 270 273 275 272 273 282 283 287 292 290 291 296 305 310 301 304 311 313 311 313 322 324 326 328 330 336 339 342 344 347 350 348 345 344 350 354 353 354 355 362 367 373 375 376 385 390 393 400 409 410 418 425 430 435 430 
290 261 249 247 252 254 239 231 233 234 242 223 210 209 215 221 230 233 234 240 243 251 247 246 255 261 264 261 262 259 265 268 271 268 261 262 262 271 262 260 262 263 269 267 275 274 275 281 281 274 280 283 286 290 299 292 301 305 313 310 311 319 319 313 319 325 333 332 331 331 333 334 340 346 355 359 356 346 345 350 351 358 360 359 360 369 371 380 377 378 381 389 396 405 409 411 420 429 431 435 
295 259 254 248 257 264 246 237 238 240 241 228 217 216 217 226 229 231 238 239 248 249 255 253 262 269 270 269 267 265 269 269 274 266 262 271 264 271 268 266 263 264 273 269 270 279 283 282 284 275 283 286 288 292 296 300 308 314 314 313 316 317 322 316 321 323 326 335 333 338 337 342 349 354 359 364 364 354 349 353 357 365 367 362 369 378 376 385 381 380 381 389 397 398 407 416 417 422 425 433 
302 267 258 257 266 259 239 238 244 244 245 238 232 223 226 227 236 240 247 240 245 254 262 254 257 261 270 270 270 274 278 271 277 275 270 273 265 271 276 265 264 266 267 276 272 281 290 289 283 282 290 295 295 293 301 302 303 308 316 321 319 326 327 324 324 332 327 335 342 339 342 351 357 362 360 364 367 358 355 358 364 369 364 363 371 380 379 388 389 382 383 384 392 401 405 412 413 420 429 432 
314 275 267 259 264 261 248 245 249 253 246 244 231 226 235 235 240 248 244 242 251 259 259 256 265 268 273 271 276 277 278 277 279 282 273 277 273 277 279 269 266 271 271 280 281 288 296 298 288 285 291 293 300 300 306 309 312 317 323 329 327 329 335 333 333 341 335 342 350 347 345 354 363 365 363 372 374 364 357 366 365 371 376 372 378 384 384 392 390 388 392 393 401 408 413 413 416 422 424 432 
309 278 270 261 270 267 250 247 251 259 254 246 236 235 238 241 243 251 247 243 245 250 251 257 261 269 276 277 281 278 287 281 281 279 277 283 275 276 283 277 268 277 274 277 286 293 298 300 290 288 296 299 296 307 307 314 321 321 327 330 333 330 334 340 335 344 339 348 349 349 353 361 368 369 372 373 378 373 365 368 372 374 382 374 375 382 389 398 400 391 392 401 402 403 404 413 414 415 423 430 
316 284 272 270 278 273 263 256 255 256 262 241 240 242 246 245 244 245 246 251 254 257 258 263 262 269 270 275 276 285 288 283 286 288 284 291 283 284 285 275 271 279 275 283 288 297 298 302 298 289 290 293 295 299 308 315 317 321 327 333 337 337 343 341 344 353 348 353 350 354 359 366 371 373 373 377 383 371 370 373 373 379 385 381 384 391 391 400 396 395 396 402 410 408 410 419 416 417 424 432 
323 292 279 272 278 280 265 263 264 264 270 246 245 248 252 247 247 252 252 259 256 263 261 270 266 268 275 276 284 288 294 285 286 287 285 286 286 286 286 280 277 286 277 283 291 298 304 304 302 295 299 297 303 306 313 316 322 326 327 336 344 342 351 346 345 348 350 357 356 362 362 366 375 382 377 378 384 377 375 382 374 380 385 390 393 395 399 404 403 403 402 403 407 411 416 423 422 426 428 433 
326 297 284 275 284 277 271 269 272 271 271 250 248 249 257 255 250 259 255 263 259 268 266 267 275 273 279 279 288 289 291 287 287 295 289 290 292 292 287 287 284 289 280 287 288 297 298 304 305 296 297 305 307 315 322 317 320 324 332 334 342 351 356 351 346 351 351 353 354 362 364 373 381 382 382 380 389 386 379 384 383 388 387 395 402 402 400 402 409 405 406 411 416 412 420 425 429 427 436 434 
333 301 283 282 285 291 280 272 273 279 276 258 250 251 257 260 259 261 261 266 267 269 275 276 279 281 287 288 290 295 301 293 290 291 297 296 301 301 292 291 286 288 287 294 293 301 304 313 312 304 298 305 314 317 326 326 329 326 330 337 338 344 353 360 354 352 360 358 362 371 367 375 377 385 390 381 390 385 384 385 387 390 393 396 399 403 409 403 409 411 413 412 421 413 422 430 427 427 430 437 
345 305 284 283 287 290 278 277 275 282 285 264 259 253 254 255 257 266 270 269 268 271 279 281 280 288 293 291 298 302 310 302 293 296 297 298 307 301 299 301 293 296 293 301 302 306 305 311 312 304 303 312 321 322 328 329 330 332 331 339 339 348 349 352 360 361 366 367 369 374 369 373 379 380 386 388 389 388 393 389 395 392 397 404 402 409 415 409 418 418 416 414 421 420 421 423 424 425 434 435 
349 313 292 284 291 292 289 280 279 288 282 268 262 254 260 262 264 273 272 270 269 277 286 283 289 296 300 293 295 302 310 295 294 301 302 303 305 307 300 301 302 304 301 303 305 306 307 311 319 312 304 313 314 323 327 328 336 339 338 341 340 348 349 352 353 356 357 358 362 366 368 376 380 384 390 389 390 393 402 396 404 397 399 406 403 411 412 417 422 427 425 423 430 424 426 432 427 432 433 437 
358 313 286 285 286 295 290 281 288 294 283 280 267 258 263 265 273 280 277 271 275 279 282 291 290 298 304 295 301 304 313 305 302 309 311 312 314 303 302 305 304 311 310 310 308 307 308 313 322 311 306 314 322 331 327 334 337 335 339 341 341 348 357 354 354 355 363 364 370 374 369 376 379 385 387 394 395 397 406 404 406 398 401 402 403 409 413 415 418 421 429 424 425 431 435 435 429 436 438 445 
363 320 295 286 293 293 291 285 293 297 291 285 267 260 269 274 276 278 274 272 277 286 286 293 294 301 298 296 305 306 315 307 303 306 315 313 317 307 305 308 307 313 317 317 312 308 312 314 323 310 308 317 319 323 324 326 328 334 342 349 350 357 365 363 356 360 364 370 378 380 375 378 379 385 386 387 392 393 401 410 406 402 409 408 406 414 421 422 427 428 437 430 433 432 437 439 438 443 446 447 
367 326 296 288 289 292 300 294 300 305 300 294 274 265 266 267 268 269 277 277 278 287 287 288 296 300 308 304 308 313 315 314 307 315 322 315 316 319 313 310 308 310 311 319 319 317 313 315 316 316 309 318 319 323 325 326 328 337 334 336 342 344 347 347 353 353 365 371 377 375 383 387 387 385 388 396 398 394 402 411 406 403 411 409 408 416 425 423 430 434 436 439 442 433 435 437 444 444 452 456 
376 329 299 293 290 292 294 302 308 313 311 303 274 266 275 276 274 270 278 278 279 288 288 292 293 299 300 301 310 314 312 314 308 312 321 322 317 326 318 311 311 311 319 323 328 318 315 321 323 319 310 315 321 322 324 327 328 331 333 334 335 337 338 345 351 352 359 362 371 373 377 379 383 384 393 400 403 402 403 406 406 405 414 418 417 425 423 432 431 435 436 444 441 434 435 443 448 451 453 462 
373 341 309 299 291 294 295 296 305 311 314 311 275 271 272 278 278 272 281 287 287 293 296 299 294 297 300 302 306 307 308 310 310 317 320 321 320 322 320 312 312 320 321 322 323 322 324 325 324 321 317 321 325 325 328 334 330 334 336 341 343 346 347 351 359 360 360 369 376 382 385 381 383 387 388 396 397 406 409 414 416 414 417 421 419 420 422 423 425 433 435 444 441 438 443 448 452 459 454 460 
380 339 309 300 294 295 302 300 301 302 306 309 275 274 277 285 274 273 277 278 287 290 295 301 301 302 309 311 312 315 310 318 319 319 322 324 324 331 327 319 315 323 322 324 328 323 324 332 332 331 322 323 330 330 332 335 339 343 345 343 351 353 353 360 362 365 369 371 380 387 394 388 384 386 387 391 399 401 408 412 411 415 422 429 422 429 425 430 433 442 444 453 446 441 443 444 446 455 462 468 
386 351 322 303 296 299 305 308 307 303 312 319 289 283 286 293 280 277 286 283 291 297 296 303 310 303 307 315 319 316 318 324 328 326 327 333 333 335 335 327 322 331 328 327 336 331 333 340 335 324 323 328 332 338 339 339 348 347 351 352 354 359 358 365 363 367 373 373 382 391 390 389 392 388 389 391 393 394 403 404 407 411 413 422 431 427 426 427 431 439 448 449 454 445 445 447 447 456 462 467 
386 358 325 303 297 306 306 315 313 312 313 322 290 286 290 296 292 285 292 284 293 297 299 303 309 310 308 309 313 322 321 328 334 328 328 335 334 341 338 332 331 338 334 333 335 340 334 343 339 336 327 335 336 339 348 342 351 351 357 356 360 366 359 366 366 370 376 375 384 385 394 395 394 390 391 393 402 402 409 405 411 420 417 420 428 429 429 430 437 444 448 449 453 453 453 448 449 458 459 467 
400 366 337 307 298 307 314 316 315 313 315 320 303 295 295 299 295 291 299 293 301 303 301 310 312 313 317 318 317 318 327 334 341 337 330 332 335 338 345 340 340 341 337 336 339 342 336 344 341 342 335 341 344 343 350 347 348 351 357 360 369 367 365 369 368 374 375 380 383 392 394 400 394 392 400 397 406 404 413 412 416 425 421 429 437 436 435 438 446 452 454 456 462 461 454 454 458 460 463 464 
394 363 340 309 301 307 316 325 324 316 324 328 300 298 298 299 300 295 303 294 303 309 308 317 314 322 324 324 322 323 332 333 337 341 332 340 338 342 343 343 346 346 341 345 343 352 344 352 350 341 340 348 350 350 351 353 351 359 360 366 375 377 372 374 376 382 383 387 386 387 388 394 399 397 402 398 404 409 418 420 423 430 426 427 428 437 438 442 451 452 452 465 471 469 462 456 458 460 467 468 
396 364 342 313 309 309 315 318 324 317 325 326 300 299 299 301 302 304 311 303 312 318 313 319 318 327 333 331 329 324 325 326 328 333 341 348 339 344 345 352 348 356 349 350 344 346 346 347 351 345 344 349 354 358 358 360 356 358 364 370 379 383 379 379 379 381 385 394 394 389 396 395 403 399 405 401 409 417 418 419 420 428 432 429 435 442 447 443 446 447 449 458 464 466 465 457 466 461 464 469 
399 373 358 320 311 317 318 321 322 319 322 328 304 301 300 308 303 306 306 305 314 323 314 322 319 325 329 337 334 326 332 328 337 337 346 353 346 346 346 349 350 351 356 347 345 350 347 350 358 354 349 354 363 359 361 366 365 367 365 373 376 382 380 384 388 383 389 392 396 397 404 396 403 401 402 404 412 420 419 426 421 430 439 432 434 437 446 449 455 452 458 467 473 468 472 463 470 462 464 465 
409 384 365 326 319 322 321 324 330 326 331 331 315 306 309 309 309 314 312 312 321 324 321 329 322 331 338 344 330 328 334 336 342 339 348 349 349 353 354 358 359 352 355 362 354 359 355 359 360 362 354 363 370 361 364 369 370 372 366 372 373 374 375 379 387 392 398 398 402 398 400 401 404 403 408 408 410 419 421 427 430 432 439 433 437 445 447 450 452 455 464 472 481 477 480 471 465 463 472 468 
419 392 362 323 322 323 328 325 327 333 334 336 322 314 315 314 311 313 321 313 322 324 324 333 329 335 336 345 335 329 330 332 333 335 344 353 356 355 359 363 367 358 356 361 361 363 363 363 369 365 360 369 375 369 373 378 372 374 374 373 379 375 383 380 381 389 398 399 404 399 407 406 413 410 414 417 413 422 430 428 432 433 442 442 446 447 452 457 459 462 471 468 476 473 476 477 467 465 471 471 
413 391 366 332 331 332 337 331 329 336 340 345 325 321 320 321 316 314 321 318 323 332 326 327 336 344 338 340 341 337 339 341 338 342 350 355 357 363 363 364 371 363 360 368 365 367 369 369 372 368 367 372 380 378 375 381 376 383 382 379 380 383 385 382 382 391 399 403 406 405 413 415 421 418 419 420 417 426 427 429 437 434 435 436 444 445 447 454 455 456 465 466 467 468 469 471 477 473 476 474 
428 402 370 339 332 340 340 333 334 335 343 352 327 325 328 327 325 323 328 319 327 336 335 335 344 348 339 341 342 345 347 342 347 343 346 353 362 362 372 373 366 365 366 369 367 374 371 374 374 377 368 375 378 381 376 379 381 387 387 380 381 385 394 388 385 388 392 394 403 404 407 413 417 421 420 425 423 431 433 435 441 436 436 444 446 447 448 457 460 462 464 465 474 471 472 473 474 474 475 475 
429 403 383 350 341 342 346 337 336 339 348 356 335 333 335 327 326 329 333 325 326 328 335 344 351 348 340 342 347 346 351 351 348 349 347 355 357 358 365 366 368 372 369 378 376 380 372 381 383 382 374 377 383 387 381 383 386 388 390 383 387 394 395 396 394 389 395 403 405 408 416 419 426 430 429 434 429 430 432 436 445 438 445 447 451 453 454 461 465 463 470 467 476 476 473 479 482 476 484 480 
429 410 381 351 347 350 346 345 341 345 353 361 341 340 344 337 335 337 333 326 335 337 340 343 352 350 349 345 352 348 351 360 352 351 350 359 362 361 364 368 372 380 378 383 379 374 373 377 379 379 375 377 383 384 389 387 395 389 391 387 394 398 397 396 395 395 399 404 406 410 417 425 422 436 436 437 430 436 440 437 446 446 453 451 456 454 455 462 463 465 470 471 480 477 476 479 486 479 480 481 
437 415 395 361 354 351 351 350 350 346 349 357 351 344 348 342 338 339 334 330 336 341 349 344 351 360 348 346 347 348 354 363 354 353 357 361 363 363 364 372 379 388 379 388 383 383 381 380 388 380 379 379 387 392 391 395 399 391 392 395 395 404 405 403 400 397 400 404 405 411 414 416 419 428 434 436 439 437 445 445 454 447 456 460 461 463 457 464 468 468 471 480 484 486 480 488 483 480 488 482 
440 423 390 365 362 360 359 357 354 351 353 362 346 345 353 344 340 343 336 332 341 350 352 353 357 366 360 353 351 351 352 359 363 354 363 370 364 365 373 373 378 387 385 386 391 387 385 381 390 384 383 387 393 394 398 397 397 396 401 396 403 404 409 405 404 398 406 413 412 412 415 420 424 430 435 441 447 438 439 443 445 447 456 464 469 466 463 465 468 472 473 481 483 492 489 493 496 489 489 490 
440 421 396 366 365 365 365 358 363 359 354 356 362 353 359 350 349 351 335 334 339 347 356 360 366 374 365 356 360 359 353 354 356 363 365 372 365 371 376 380 386 385 393 394 398 389 386 388 393 394 391 394 400 395 403 399 407 404 409 403 412 406 410 407 408 407 413 420 420 413 414 420 426 432 440 449 443 440 442 449 446 453 461 468 466 473 469 468 477 481 478 487 484 488 489 490 491 491 498 499 
443 426 401 380 371 374 362 361 370 358 355 358 356 354 359 359 353 360 349 343 348 355 364 369 370 379 373 365 367 356 354 363 365 371 372 373 366 372 377 380 382 384 386 390 391 390 387 396 394 395 396 396 403 404 405 400 402 404 413 412 411 410 411 409 417 416 422 427 418 417 421 425 433 437 441 449 442 441 449 449 447 448 452 459 465 474 470 470 479 480 487 492 490 497 497 495 500 497 502 506 
444 428 409 377 372 376 369 363 371 363 356 363 361 360 361 360 360 361 354 351 354 356 364 368 373 377 373 367 364 356 355 364 372 374 373 376 367 376 377 384 387 393 388 390 398 400 396 400 395 397 400 405 405 413 410 401 410 409 411 417 415 414 418 410 411 420 421 422 430 426 427 434 434 443 447 454 450 448 455 452 451 450 456 457 466 474 476 478 482 482 490 492 498 498 504 502 502 502 507 508 
449 434 412 382 377 377 379 372 378 365 364 370 370 363 363 368 361 362 360 356 361 360 366 375 381 383 382 374 370 367 358 366 375 378 382 377 369 378 386 386 391 397 389 390 399 404 399 401 402 405 401 410 411 416 407 406 407 408 416 425 424 416 416 414 415 424 422 428 436 432 436 440 435 443 452 461 453 455 457 453 457 458 458 459 465 467 471 480 485 484 486 492 497 505 510 508 503 503 507 513 
457 440 419 394 385 386 384 381 387 375 366 368 369 368 365 374 366 367 362 359 368 369 367 370 373 376 384 377 371 373 367 375 384 387 387 376 371 379 388 391 392 400 394 395 400 402 401 403 404 411 406 411 412 417 424 415 409 410 415 420 422 420 418 415 416 420 429 435 443 438 441 437 436 445 452 455 460 459 461 456 460 461 467 462 463 471 472 480 484 487 495 495 496 501 504 505 504 504 511 516 
464 445 429 391 388 393 385 389 387 372 367 369 370 371 370 368 367 374 366 368 377 377 371 378 382 385 385 389 380 369 368 371 378 380 388 384 375 377 386 387 395 404 398 404 407 405 404 412 413 415 415 414 413 422 421 417 417 411 414 421 430 429 423 416 425 426 435 434 443 441 445 442 442 451 458 459 462 463 466 460 467 470 468 467 464 466 473 477 479 488 487 496 503 505 512 510 507 505 507 516 
469 451 427 398 397 395 386 389 396 373 369 373 379 378 378 372 375 384 375 377 381 384 377 383 387 394 387 383 381 378 377 379 380 387 393 382 381 386 395 396 394 397 407 409 408 414 408 413 418 424 417 423 420 421 424 424 415 413 415 418 427 434 418 417 418 422 431 433 435 440 443 450 445 451 452 458 463 464 473 467 468 470 477 469 465 473 481 486 482 484 486 493 492 496 504 506 514 509 508 516 
472 455 436 411 406 396 395 398 390 375 374 382 381 382 387 379 376 385 377 378 379 387 385 385 393 394 392 391 381 380 385 384 382 391 392 387 384 385 387 388 392 394 401 406 408 411 410 418 419 428 426 424 429 423 432 430 423 414 423 424 429 431 428 421 421 427 435 441 437 442 448 456 454 453 461 467 469 471 470 469 469 478 482 475 474 474 482 491 490 485 488 489 491 495 503 511 518 511 515 523 
479 463 437 417 408 405 404 400 403 391 382 387 382 389 382 380 379 385 379 385 380 386 388 390 393 401 399 389 384 382 383 390 383 389 395 398 389 386 388 397 399 396 397 401 410 411 412 417 421 428 428 432 431 424 429 438 418 417 426 430 436 440 432 426 427 436 439 443 446 447 455 460 462 462 464 473 478 475 481 477 472 475 484 484 475 482 487 491 495 490 495 491 495 504 504 509 512 518 524 525 
483 465 442 413 410 411 404 402 409 394 391 387 384 392 390 381 387 385 383 386 381 390 397 391 400 408 400 396 387 383 390 392 384 388 389 396 393 389 392 395 396 398 401 404 408 414 418 423 424 430 436 434 433 428 437 440 432 424 433 435 440 449 434 430 428 435 436 438 441 450 451 459 461 464 468 472 474 483 490 477 473 478 479 484 477 480 482 485 492 497 496 498 496 504 512 514 521 519 521 530 
492 470 448 420 418 408 407 411 411 406 399 389 387 396 391 384 386 388 390 390 382 385 394 393 400 408 403 396 386 384 387 393 392 396 391 392 393 393 393 398 404 401 407 413 414 422 419 428 425 430 432 439 434 431 438 445 435 426 427 432 441 449 437 433 429 433 435 442 444 453 459 468 463 469 474 473 481 482 490 488 480 485 483 485 486 487 485 494 495 504 501 499 500 509 513 513 516 520 527 528 
493 476 456 432 418 410 409 411 413 406 395 390 388 397 402 393 387 396 391 387 386 387 391 400 409 411 404 394 392 390 396 394 393 402 397 396 396 401 394 403 407 404 405 413 422 423 427 429 427 435 437 446 442 439 445 450 438 430 431 434 443 450 439 434 433 435 438 445 450 458 465 472 468 469 470 474 483 484 493 495 489 486 490 489 491 495 487 492 495 497 498 505 508 509 510 511 519 520 524 528 
502 486 459 433 429 419 412 413 417 411 405 401 397 406 411 398 389 393 392 389 387 394 395 398 405 407 413 402 395 392 397 400 400 403 398 402 399 404 396 400 403 406 409 414 415 418 427 431 436 436 444 450 451 448 446 455 433 432 436 443 448 454 439 436 434 441 445 452 457 466 473 476 477 474 477 476 483 492 494 503 496 489 496 490 496 498 493 501 504 502 507 508 509 510 515 513 519 527 528 534 
503 496 458 437 427 423 420 414 419 416 408 407 399 405 409 398 392 401 395 399 391 398 399 399 408 415 422 410 401 401 403 406 407 408 402 408 407 406 403 404 404 413 417 422 422 422 423 430 435 437 446 454 458 455 448 451 450 441 440 448 450 455 440 439 441 450 448 457 459 467 475 478 485 479 482 482 491 499 498 498 493 492 501 493 496 504 500 508 504 503 510 511 513 518 524 522 524 526 529 538 

538
